0.000000000000000000e+00 0.000000000000000000e+00
2.185792349726775954e-02 1.653931075470804410e-02
4.371584699453551909e-02 3.307553410028950258e-02
6.557377049180328210e-02 4.960867003674437892e-02
8.743169398907103818e-02 6.613871856407266270e-02
1.092896174863387942e-01 8.266567968227436780e-02
1.311475409836065642e-01 9.918955339134950810e-02
1.530054644808743203e-01 1.157103396912980420e-01
1.748633879781420764e-01 1.322280385821199833e-01
1.967213114754098324e-01 1.487426500638153737e-01
2.185792349726775885e-01 1.652541741363841299e-01
2.404371584699453446e-01 1.817626107998263352e-01
2.622950819672131284e-01 1.982679600541419618e-01
2.841530054644808567e-01 2.147702218993309542e-01
3.060109289617486406e-01 2.312693963353934512e-01
3.278688524590163689e-01 2.477654833623292863e-01
3.497267759562841527e-01 2.642584829801385427e-01
3.715846994535519365e-01 2.807483951888212759e-01
3.934426229508196649e-01 2.972352199883773749e-01
4.153005464480874487e-01 3.137189573788069508e-01
4.371584699453551770e-01 3.301996073601097814e-01
4.590163934426229608e-01 3.466771699322861999e-01
4.808743169398906891e-01 3.631516450953359287e-01
5.027322404371584730e-01 3.796230328492591344e-01
5.245901639344262568e-01 3.960913331940557613e-01
5.464480874316940406e-01 4.125565461297258096e-01
5.683060109289617134e-01 4.290186716562691682e-01
5.901639344262294973e-01 4.454777097736859481e-01
6.120218579234972811e-01 4.619336604819763714e-01
6.338797814207650649e-01 4.783865237811399940e-01
6.557377049180327377e-01 4.948362996711769823e-01
6.775956284153005216e-01 5.112829881520876141e-01
6.994535519125683054e-01 5.277265892238715006e-01
7.213114754098360892e-01 5.441671028865288084e-01
7.431693989071038731e-01 5.606045291400596486e-01
7.650273224043715459e-01 5.770388679844636881e-01
7.868852459016393297e-01 5.934701194197412599e-01
8.087431693989071135e-01 6.098982834458923641e-01
8.306010928961748974e-01 6.263233600629167785e-01
8.524590163934425702e-01 6.427453492708146143e-01
8.743169398907103540e-01 6.591642510695856494e-01
8.961748633879781378e-01 6.755800654592305499e-01
9.180327868852459217e-01 6.919927924397486496e-01
9.398907103825137055e-01 7.084024320111401707e-01
9.617486338797813783e-01 7.248089841734050021e-01
9.836065573770491621e-01 7.412124489265432548e-01
1.005464480874316946e+00 7.576128262705550398e-01
1.027322404371584730e+00 7.740101162054402462e-01
1.049180327868852514e+00 7.904043187311986518e-01
1.071038251366120297e+00 8.067954338478309229e-01
1.092896174863388081e+00 8.231834615553361711e-01
1.114754098360655643e+00 8.395684018537148408e-01
1.136612021857923427e+00 8.559502547429671537e-01
1.158469945355191211e+00 8.723290202230926660e-01
1.180327868852458995e+00 8.887046982940918216e-01
1.202185792349726778e+00 9.050772889559643986e-01
1.224043715846994562e+00 9.214467922087103968e-01
1.245901639344262346e+00 9.378132080523295944e-01
1.267759562841530130e+00 9.541765364868224353e-01
1.289617486338797914e+00 9.705367775121885865e-01
1.311475409836065475e+00 9.868939311284279370e-01
1.333333333333333259e+00 1.003247997335541042e+00
1.355191256830601043e+00 1.019598976133527346e+00
1.377049180327868827e+00 1.035946867522387294e+00
1.398907103825136611e+00 1.052291671502120218e+00
1.420765027322404395e+00 1.068633388072727008e+00
1.442622950819672178e+00 1.084972017234207220e+00
1.464480874316939962e+00 1.101307558986560631e+00
1.486338797814207746e+00 1.117640013329787463e+00
1.508196721311475308e+00 1.133969380263887494e+00
1.530054644808743092e+00 1.150295659788861391e+00
1.551912568306010876e+00 1.166618851904708487e+00
1.573770491803278659e+00 1.182938907394824213e+00
1.595628415300546443e+00 1.199255225734401575e+00
1.617486338797814227e+00 1.215567629451182352e+00
1.639344262295082011e+00 1.231876118545166099e+00
1.661202185792349795e+00 1.248180693016353260e+00
1.683060109289617579e+00 1.264481352864743391e+00
1.704918032786885140e+00 1.280778098090336936e+00
1.726775956284152924e+00 1.297070928693133451e+00
1.748633879781420708e+00 1.313359844673133381e+00
1.770491803278688492e+00 1.329644846030336280e+00
1.792349726775956276e+00 1.345925932764742816e+00
1.814207650273224059e+00 1.362203104876352322e+00
1.836065573770491843e+00 1.378476362365164576e+00
1.857923497267759627e+00 1.394745705231180910e+00
1.879781420765027411e+00 1.411011133474399992e+00
1.901639344262294973e+00 1.427272647094822045e+00
1.923497267759562757e+00 1.443530246092447511e+00
1.945355191256830540e+00 1.459783930467276170e+00
1.967213114754098324e+00 1.476033700219308020e+00
1.989071038251366108e+00 1.492279555348543063e+00
2.010928961748633892e+00 1.508521495854981298e+00
2.032786885245901676e+00 1.524759521738622725e+00
2.054644808743169460e+00 1.540993632999467344e+00
2.076502732240437243e+00 1.557223829637515156e+00
2.098360655737705027e+00 1.573450111652766825e+00
2.120218579234972811e+00 1.589672479045221021e+00
2.142076502732240595e+00 1.605890931814878630e+00
2.163934426229508379e+00 1.622105469961738988e+00
2.185792349726776163e+00 1.638316093485802982e+00
2.207650273224043502e+00 1.654522802387069724e+00
2.229508196721311286e+00 1.670725596665540102e+00
2.251366120218579070e+00 1.686924476321213895e+00
2.273224043715846854e+00 1.703119441354090435e+00
2.295081967213114638e+00 1.719310491764170390e+00
2.316939890710382421e+00 1.735497627551453537e+00
2.338797814207650205e+00 1.751680848715940098e+00
2.360655737704917989e+00 1.767860155257629184e+00
2.382513661202185773e+00 1.784035547176521685e+00
2.404371584699453557e+00 1.800207024472618045e+00
2.426229508196721341e+00 1.816374587145917152e+00
2.448087431693989124e+00 1.832538235196419452e+00
2.469945355191256908e+00 1.848699671601745420e+00
2.491803278688524692e+00 1.864881293198253687e+00
2.513661202185792476e+00 1.881090041264300572e+00
2.535519125683060260e+00 1.897325915799886298e+00
2.557377049180328044e+00 1.913588916805009754e+00
2.579234972677595827e+00 1.929879044279672051e+00
2.601092896174863167e+00 1.946196298223872745e+00
2.622950819672130951e+00 1.962540678637612501e+00
2.644808743169398735e+00 1.978912185520890210e+00
2.666666666666666519e+00 1.995310818873706538e+00
2.688524590163934302e+00 2.011736578696061262e+00
2.710382513661202086e+00 2.028189464987955049e+00
2.732240437158469870e+00 2.044669477749386566e+00
2.754098360655737654e+00 2.061176616980356702e+00
2.775956284153005438e+00 2.077710882680865456e+00
2.797814207650273222e+00 2.094272274850912829e+00
2.819672131147541005e+00 2.110860793490498377e+00
2.841530054644808789e+00 2.127476438599622988e+00
2.863387978142076573e+00 2.144119210178286217e+00
2.885245901639344357e+00 2.160789108226487620e+00
2.907103825136612141e+00 2.177486132744227199e+00
2.928961748633879925e+00 2.194210283731505839e+00
2.950819672131147708e+00 2.210961561188322655e+00
2.972677595628415492e+00 2.227739965114677645e+00
2.994535519125683276e+00 2.244545495510571698e+00
3.016393442622950616e+00 2.261378152376003481e+00
3.038251366120218400e+00 2.278237935710974771e+00
3.060109289617486183e+00 2.295124845515483791e+00
3.081967213114753967e+00 2.312038881789532319e+00
3.103825136612021751e+00 2.328980044533118132e+00
3.125683060109289535e+00 2.345948333746243009e+00
3.147540983606557319e+00 2.362943749428906948e+00
3.169398907103825103e+00 2.379966291581108173e+00
3.191256830601092886e+00 2.397015000210638291e+00
3.213114754098360670e+00 2.414027868221082507e+00
3.234972677595628454e+00 2.430967738451056626e+00
3.256830601092896238e+00 2.447834610900560204e+00
3.278688524590164022e+00 2.464628485569595018e+00
3.300546448087431806e+00 2.481349362458159291e+00
3.322404371584699589e+00 2.497997241566253024e+00
3.344262295081967373e+00 2.514572122893878436e+00
3.366120218579235157e+00 2.531074006441032864e+00
3.387978142076502941e+00 2.547502892207717196e+00
3.409836065573770281e+00 2.563858780193930986e+00
3.431693989071038065e+00 2.580141670399676457e+00
3.453551912568305848e+00 2.596351562824950943e+00
3.475409836065573632e+00 2.612488457469755776e+00
3.497267759562841416e+00 2.628552354334090957e+00
3.519125683060109200e+00 2.644543253417956041e+00
3.540983606557376984e+00 2.660461154721350585e+00
3.562841530054644767e+00 2.676306058244275921e+00
3.584699453551912551e+00 2.692077963986730715e+00
3.606557377049180335e+00 2.707776871948715858e+00
3.628415300546448119e+00 2.723402782130231348e+00
3.650273224043715903e+00 2.738955694531276297e+00
3.672131147540983687e+00 2.754435609151852482e+00
3.693989071038251470e+00 2.769842525991957682e+00
3.715846994535519254e+00 2.785176445051592786e+00
3.737704918032787038e+00 2.800437366330758238e+00
3.759562841530054822e+00 2.815625289829454481e+00
3.781420765027322606e+00 2.830740215547679739e+00
3.803278688524589946e+00 2.845782143485435345e+00
3.825136612021857729e+00 2.860751073642720854e+00
3.846994535519125513e+00 2.875647006019536711e+00
3.868852459016393297e+00 2.890469940615882471e+00
3.890710382513661081e+00 2.905219877431758135e+00
3.912568306010928865e+00 2.919896816467164591e+00
3.934426229508196649e+00 2.934500757722100950e+00
3.956284153005464432e+00 2.949031701196566768e+00
3.978142076502732216e+00 2.963489646890563378e+00
4.000000000000000000e+00 2.977874594804089448e+00
4.021857923497267784e+00 2.992186544937145865e+00
4.043715846994535568e+00 3.006425497289731741e+00
4.065573770491803351e+00 3.020591451861848853e+00
4.087431693989071135e+00 3.034684408653495424e+00
4.109289617486338919e+00 3.048704367664671899e+00
4.131147540983606703e+00 3.062653836022401155e+00
4.153005464480874487e+00 3.076804617275950005e+00
4.174863387978142271e+00 3.091340211903013557e+00
4.196721311475410054e+00 3.106260619903591369e+00
4.218579234972677838e+00 3.121565841277682996e+00
4.240437158469945622e+00 3.137255876025289325e+00
4.262295081967213406e+00 3.153330724146410358e+00
4.284153005464481190e+00 3.169790385641046093e+00
4.306010928961748974e+00 3.186634860509195200e+00
4.327868852459016757e+00 3.203864148750859009e+00
4.349726775956284541e+00 3.221478250366037521e+00
4.371584699453552325e+00 3.239477165354730293e+00
4.393442622950820109e+00 3.257860893716936879e+00
4.415300546448087005e+00 3.276629435452656836e+00
4.437158469945354788e+00 3.295782790561892384e+00
4.459016393442622572e+00 3.315320959044642635e+00
4.480874316939890356e+00 3.335243940900907145e+00
4.502732240437158140e+00 3.355551736130686358e+00
4.524590163934425924e+00 3.376244344733978053e+00
4.546448087431693708e+00 3.397321766710785340e+00
4.568306010928961491e+00 3.418784002061107330e+00
4.590163934426229275e+00 3.440631050784943135e+00
4.612021857923497059e+00 3.462862912882293642e+00
4.633879781420764843e+00 3.485479588353158853e+00
4.655737704918032627e+00 3.508489203267803447e+00
4.677595628415300411e+00 3.535716320582804162e+00
4.699453551912568194e+00 3.570334976203274113e+00
4.721311475409835978e+00 3.612345170129214189e+00
4.743169398907103762e+00 3.661746902360623945e+00
4.765027322404371546e+00 3.718540172897503382e+00
4.786885245901639330e+00 3.782724981739853831e+00
4.808743169398907114e+00 3.854301328887673073e+00
4.830601092896174897e+00 3.933269214340962883e+00
4.852459016393442681e+00 4.019628638099722373e+00
4.874316939890710465e+00 4.112506356467744872e+00
4.896174863387978249e+00 4.206607850636460810e+00
4.918032786885246033e+00 4.301041460641296332e+00
4.939890710382513817e+00 4.395807186482250550e+00
4.961748633879781600e+00 4.490905028159324353e+00
4.983606557377049384e+00 4.586334985672517739e+00
5.005464480874317168e+00 4.682097059021830709e+00
5.027322404371584952e+00 4.778191248207263264e+00
5.049180327868852736e+00 4.874617553228813627e+00
5.071038251366120519e+00 4.971375974086484462e+00
5.092896174863388303e+00 5.068466510780273993e+00
5.114754098360656087e+00 5.165889163310183996e+00
5.136612021857923871e+00 5.263643931676212695e+00
5.158469945355191655e+00 5.361730815878360978e+00
5.180327868852459439e+00 5.460149815916628846e+00
5.202185792349726334e+00 5.558900931791011857e+00
5.224043715846994118e+00 5.657984163501518005e+00
5.245901639344261902e+00 5.757399511048143737e+00
5.267759562841529686e+00 5.857246382276721341e+00
5.289617486338797470e+00 5.957871137763273595e+00
5.311475409836065253e+00 6.059303457824561256e+00
5.333333333333333037e+00 6.161543342460584327e+00
5.355191256830600821e+00 6.264590791671342807e+00
5.377049180327868605e+00 6.368445805456835807e+00
5.398907103825136389e+00 6.473108383817063327e+00
5.420765027322404173e+00 6.578578526752027145e+00
5.442622950819671956e+00 6.684856234261726371e+00
5.464480874316939740e+00 6.791941506346159230e+00
5.486338797814207524e+00 6.899834343005327497e+00
5.508196721311475308e+00 7.008534744239229397e+00
5.530054644808743092e+00 7.118042710047870258e+00
5.551912568306010876e+00 7.228358240431242976e+00
5.573770491803278659e+00 7.339481335389350214e+00
5.595628415300546443e+00 7.451269929212544163e+00
5.617486338797814227e+00 7.557726461541430574e+00
5.639344262295082011e+00 7.655680106974656063e+00
5.661202185792349795e+00 7.745130865512218854e+00
5.683060109289617579e+00 7.826078737154121612e+00
5.704918032786885362e+00 7.898523721900359895e+00
5.726775956284153146e+00 7.962465819750936369e+00
5.748633879781420930e+00 8.017905030705851033e+00
5.770491803278688714e+00 8.064841354765103887e+00
5.792349726775956498e+00 8.103274791928694043e+00
5.814207650273224282e+00 8.133205342196621501e+00
5.836065573770492065e+00 8.154633005568888038e+00
5.857923497267759849e+00 8.168059900739185863e+00
5.879781420765027633e+00 8.179345412792180525e+00
5.901639344262295417e+00 8.190171188441166095e+00
5.923497267759563201e+00 8.200537227686144348e+00
5.945355191256830985e+00 8.210443530527115286e+00
5.967213114754098768e+00 8.219890096964077131e+00
5.989071038251366552e+00 8.228876926997029884e+00
6.010928961748633448e+00 8.237404020625975321e+00
6.032786885245901232e+00 8.245471377850913441e+00
6.054644808743169015e+00 8.253078998671842470e+00
6.076502732240436799e+00 8.260226883088762406e+00
6.098360655737704583e+00 8.266915031101676803e+00
6.120218579234972367e+00 8.273143442710580331e+00
6.142076502732240151e+00 8.278912117915478319e+00
6.163934426229507935e+00 8.284221056716363663e+00
6.185792349726775718e+00 8.289070259113245243e+00
6.207650273224043502e+00 8.293459725106115954e+00
6.229508196721311286e+00 8.297389454694981126e+00
6.251366120218579070e+00 8.300859447879835429e+00
6.273224043715846854e+00 8.303869704660682416e+00
6.295081967213114638e+00 8.306420225037520311e+00
6.316939890710382421e+00 8.308511009010352666e+00
6.338797814207650205e+00 8.310152160929346721e+00
6.360655737704917989e+00 8.311623666655313158e+00
6.382513661202185773e+00 8.313052265042191635e+00
6.404371584699453557e+00 8.314437956089973270e+00
6.426229508196721341e+00 8.315780739798666943e+00
6.448087431693989124e+00 8.317080616168267326e+00
6.469945355191256908e+00 8.318337585198779749e+00
6.491803278688524692e+00 8.319551646890197105e+00
6.513661202185792476e+00 8.320722801242522948e+00
6.535519125683060260e+00 8.321851048255759054e+00
6.557377049180328044e+00 8.322936387929905422e+00
6.579234972677595827e+00 8.323978820264956724e+00
6.601092896174863611e+00 8.324978345260916512e+00
6.622950819672131395e+00 8.325934962917784787e+00
6.644808743169399179e+00 8.326848673235561549e+00
6.666666666666666963e+00 8.327719476214248573e+00
6.688524590163934747e+00 8.328547371853844083e+00
6.710382513661202530e+00 8.329332360154344528e+00
6.732240437158470314e+00 8.330074441115758788e+00
6.754098360655738098e+00 8.330773614738077981e+00
6.775956284153005882e+00 8.331429881021305661e+00
6.797814207650272778e+00 8.332043239965443604e+00
6.819672131147540561e+00 8.332613691570488257e+00
6.841530054644808345e+00 8.333141235836441396e+00
6.863387978142076129e+00 8.333625872763304798e+00
6.885245901639343913e+00 8.334067602351073134e+00
6.907103825136611697e+00 8.334466424599753509e+00
6.928961748633879481e+00 8.334822339509340594e+00
6.950819672131147264e+00 8.335135347079837942e+00
6.972677595628415048e+00 8.335405447311240223e+00
6.994535519125682832e+00 8.335632640203554544e+00
7.016393442622950616e+00 8.335816925756773799e+00
7.038251366120218400e+00 8.335958303970905092e+00
7.060109289617486183e+00 8.336056774845943096e+00
7.081967213114753967e+00 8.336112338381887810e+00
7.103825136612021751e+00 8.336124994578744563e+00
7.125683060109289535e+00 8.336094743436508026e+00
7.147540983606557319e+00 8.336021584955179975e+00
7.169398907103825103e+00 8.335905519134760411e+00
7.191256830601092886e+00 8.335746545975247557e+00
7.213114754098360670e+00 8.335544665476646742e+00
7.234972677595628454e+00 8.335299877638952637e+00
7.256830601092896238e+00 8.335012182462167019e+00
7.278688524590164022e+00 8.334681579946288110e+00
7.300546448087431806e+00 8.334308070091321241e+00
7.322404371584699589e+00 8.333891652897259306e+00
7.344262295081967373e+00 8.333432328364107633e+00
7.366120218579235157e+00 8.332930096491864447e+00
7.387978142076502941e+00 8.332384957280529747e+00
7.409836065573770725e+00 8.331796910730101757e+00
7.431693989071038509e+00 8.331165956840585807e+00
7.453551912568306292e+00 8.330492095611973014e+00
7.475409836065574076e+00 8.329804994431682985e+00
7.497267759562841860e+00 8.329142280723061731e+00
7.519125683060109644e+00 8.328504083672992664e+00
7.540983606557377428e+00 8.327890403281477560e+00
7.562841530054645212e+00 8.327301239548511091e+00
7.584699453551912995e+00 8.326736592474096810e+00
7.606557377049179891e+00 8.326196462058238268e+00
7.628415300546447675e+00 8.325680848300928361e+00
7.650273224043715459e+00 8.325189751202170640e+00
7.672131147540983243e+00 8.324723170761968660e+00
7.693989071038251026e+00 8.324281106980313538e+00
7.715846994535518810e+00 8.323863559857215932e+00
7.737704918032786594e+00 8.323470529392666961e+00
7.759562841530054378e+00 8.323102015586673730e+00
7.781420765027322162e+00 8.322758018439227357e+00
7.803278688524589946e+00 8.322438537950338500e+00
7.825136612021857729e+00 8.322143574119998277e+00
7.846994535519125513e+00 8.321873126948212018e+00
7.868852459016393297e+00 8.321627196434974394e+00
7.890710382513661081e+00 8.321405782580294286e+00
7.912568306010928865e+00 8.321208885384162812e+00
7.934426229508196649e+00 8.321036504846583526e+00
7.956284153005464432e+00 8.320888640967556427e+00
7.978142076502732216e+00 8.320765293747081515e+00
8.000000000000000000e+00 8.320666463185160566e+00
8.021857923497266896e+00 8.320592149281790029e+00
8.043715846994535568e+00 8.320542352036973455e+00
8.065573770491802463e+00 8.320517071450707292e+00
8.087431693989071135e+00 8.320516307522993316e+00
8.109289617486338031e+00 8.320540060253833303e+00
8.131147540983606703e+00 8.320588329643223702e+00
8.153005464480873599e+00 8.320661115691166287e+00
8.174863387978142271e+00 8.320758418397659284e+00
8.196721311475409166e+00 8.320880237762708020e+00
8.218579234972677838e+00 8.321026573786307168e+00
8.240437158469944734e+00 8.321197426468458502e+00
8.262295081967213406e+00 8.321392795809163800e+00
8.284153005464480302e+00 8.321612681808417733e+00
8.306010928961748974e+00 8.321857084466223853e+00
8.327868852459015869e+00 8.322126003782585713e+00
8.349726775956284541e+00 8.322419439757496207e+00
8.371584699453551437e+00 8.322737392390962441e+00
8.393442622950820109e+00 8.323079861682979086e+00
8.415300546448087005e+00 8.323446847633547918e+00
8.437158469945355677e+00 8.323838350242667161e+00
8.459016393442622572e+00 8.324254369510340368e+00
8.480874316939891244e+00 8.324694905436563985e+00
8.502732240437158140e+00 8.325159958021341566e+00
8.524590163934426812e+00 8.325649527264673111e+00
8.546448087431693708e+00 8.326127807934033953e+00
8.568306010928962380e+00 8.326510864652910016e+00
8.590163934426229275e+00 8.326795217421290474e+00
8.612021857923497947e+00 8.326980866239164669e+00
8.633879781420764843e+00 8.327067811106541484e+00
8.655737704918033515e+00 8.327056052023417365e+00
8.677595628415300411e+00 8.326945588989792313e+00
8.699453551912569083e+00 8.326736422005664551e+00
8.721311475409835978e+00 8.326428551071035855e+00
8.743169398907104650e+00 8.326021976185906226e+00
8.765027322404371546e+00 8.325516697350275663e+00
8.786885245901640218e+00 8.324912714564145944e+00
8.808743169398907114e+00 8.324210027827513514e+00
8.830601092896174009e+00 8.323408637140378374e+00
8.852459016393442681e+00 8.322508542502744078e+00
8.874316939890709577e+00 8.321509743914610624e+00
8.896174863387978249e+00 8.320412241375972684e+00
8.918032786885245145e+00 8.319216034886837363e+00
8.939890710382513817e+00 8.317921124447197556e+00
8.961748633879780712e+00 8.316527510057058592e+00
8.983606557377049384e+00 8.315035191716418694e+00
9.005464480874316280e+00 8.313444169425277863e+00
9.027322404371584952e+00 8.311754443183636099e+00
9.049180327868851847e+00 8.309966012991491624e+00
9.071038251366120519e+00 8.308078878848847992e+00
9.092896174863387415e+00 8.306093040755701651e+00
9.114754098360656087e+00 8.304008498712056152e+00
9.136612021857922983e+00 8.301825252717907944e+00
9.158469945355191655e+00 8.299543302773262354e+00
9.180327868852458550e+00 8.297162648878110502e+00
9.202185792349727222e+00 8.294685602717265738e+00
9.224043715846994118e+00 8.292180198390042278e+00
9.245901639344262790e+00 8.289677993638505882e+00
9.267759562841529686e+00 8.287178988462652995e+00
9.289617486338798358e+00 8.284683182862488948e+00
9.311475409836065253e+00 8.282190576838004858e+00
9.333333333333333925e+00 8.279701170389207832e+00
9.355191256830600821e+00 8.277214963516096091e+00
9.377049180327869493e+00 8.274731956218669637e+00
9.398907103825136389e+00 8.272252148496926694e+00
9.420765027322405061e+00 8.269775540350867260e+00
9.442622950819671956e+00 8.267302131780496666e+00
9.464480874316940628e+00 8.264831922785807805e+00
9.486338797814207524e+00 8.262364913366806007e+00
9.508196721311476196e+00 8.259901103523489496e+00
9.530054644808743092e+00 8.257440493255856495e+00
9.551912568306011764e+00 8.254983082563907004e+00
9.573770491803278659e+00 8.252528871447646353e+00
9.595628415300545555e+00 8.250077859907067435e+00
9.617486338797814227e+00 8.247630047942172027e+00
9.639344262295081123e+00 8.245185435552965458e+00
9.661202185792349795e+00 8.242744022739442400e+00
9.683060109289616690e+00 8.240305809501604628e+00
9.704918032786885362e+00 8.237870795839452143e+00
9.726775956284152258e+00 8.235438981752983167e+00
9.748633879781420930e+00 8.233010367242199479e+00
9.770491803278687826e+00 8.230584952307101076e+00
9.792349726775956498e+00 8.228162736947687961e+00
9.814207650273223393e+00 8.225743721163960132e+00
9.836065573770492065e+00 8.223327904955915812e+00
9.857923497267758961e+00 8.220915288323556780e+00
9.879781420765027633e+00 8.218505871266883034e+00
9.901639344262294529e+00 8.216099653785894574e+00
9.923497267759563201e+00 8.213696635880589625e+00
9.945355191256830096e+00 8.211296817550971738e+00
9.967213114754098768e+00 8.208900198797035586e+00
9.989071038251365664e+00 8.206506779618788272e+00
1.001092896174863434e+01 8.204116560016222692e+00
1.003278688524590123e+01 8.201729539989344175e+00
1.005464480874316990e+01 8.199345719538149169e+00
1.007650273224043680e+01 8.196965098662639448e+00
1.009836065573770547e+01 8.194587677362816791e+00
1.012021857923497237e+01 8.192213455638675867e+00
1.014207650273224104e+01 8.189842433490222007e+00
1.016393442622950793e+01 8.187474610917451656e+00
1.018579234972677661e+01 8.185109987920366592e+00
1.020765027322404350e+01 8.182748564498966815e+00
1.022950819672131217e+01 8.180390340653250547e+00
1.025136612021857907e+01 8.178035316383221343e+00
1.027322404371584774e+01 8.175683491688877425e+00
1.029508196721311464e+01 8.173334866570217017e+00
1.031693989071038331e+01 8.170989441027241895e+00
1.033879781420765021e+01 8.168647215059953837e+00
1.036065573770491888e+01 8.166308188668347512e+00
1.038251366120218577e+01 8.163972361852426474e+00
1.040437158469945267e+01 8.161639734612190722e+00
1.042622950819672134e+01 8.159310306947638480e+00
1.044808743169398824e+01 8.156984078858773302e+00
1.046994535519125691e+01 8.154661050345591633e+00
1.049180327868852380e+01 8.152341221408097027e+00
1.051366120218579248e+01 8.150024592046287708e+00
1.053551912568305937e+01 8.147711162260160123e+00
1.055737704918032804e+01 8.145400932049719600e+00
1.057923497267759494e+01 8.143093901414964364e+00
1.060109289617486361e+01 8.140790070355892638e+00
1.062295081967213051e+01 8.138489438872506199e+00
1.064480874316939918e+01 8.136192006964805046e+00
1.066666666666666607e+01 8.133897774632789179e+00
1.068852459016393475e+01 8.131606741876458599e+00
1.071038251366120164e+01 8.129318908695811530e+00
1.073224043715847031e+01 8.127034275090849746e+00
1.075409836065573721e+01 8.124752841061573250e+00
1.077595628415300588e+01 8.122474606607982039e+00
1.079781420765027278e+01 8.120199571730074339e+00
1.081967213114754145e+01 8.117927736427851926e+00
1.084153005464480835e+01 8.115659100701314799e+00
1.086338797814207702e+01 8.113393664550464734e+00
1.088524590163934391e+01 8.111131427975298180e+00
1.090710382513661258e+01 8.108872390975815136e+00
1.092896174863387948e+01 8.106616553552017379e+00
1.095081967213114815e+01 8.104363915703906684e+00
1.097267759562841505e+01 8.102114477431477724e+00
1.099453551912568372e+01 8.099868238734735826e+00
1.101639344262295062e+01 8.097625199613679214e+00
1.103825136612021929e+01 8.095385360068307889e+00
1.106010928961748618e+01 8.093148720098618298e+00
1.108196721311475486e+01 8.090915279704615770e+00
1.110382513661202175e+01 8.088685038886298528e+00
1.112568306010929042e+01 8.086457997643666573e+00
1.114754098360655732e+01 8.084234155976718128e+00
1.116939890710382599e+01 8.082013513885454969e+00
1.119125683060109289e+01 8.079796071369877097e+00
1.121311475409835978e+01 8.077581828429984512e+00
1.123497267759562845e+01 8.075370785065775436e+00
1.125683060109289535e+01 8.073162941277253424e+00
1.127868852459016402e+01 8.070958297064414921e+00
1.130054644808743092e+01 8.068756852427261705e+00
1.132240437158469959e+01 8.066558607365792000e+00
1.134426229508196649e+01 8.064363561880009357e+00
1.136612021857923516e+01 8.062171715969910224e+00
1.138797814207650205e+01 8.059983069635496378e+00
1.140983606557377072e+01 8.057797622876769594e+00
1.143169398907103762e+01 8.055615375693726321e+00
1.145355191256830629e+01 8.053436328086364782e+00
1.147540983606557319e+01 8.051260480054692081e+00
1.149726775956284186e+01 8.049087831598704668e+00
1.151912568306010876e+01 8.046918382718398988e+00
1.154098360655737743e+01 8.044752133413780371e+00
1.156284153005464432e+01 8.042589083684847040e+00
1.158469945355191300e+01 8.040429233531597220e+00
1.160655737704917989e+01 8.038272582954032686e+00
1.162841530054644856e+01 8.036119131952155215e+00
1.165027322404371546e+01 8.033968880525961254e+00
1.167213114754098413e+01 8.031821828675449026e+00
1.169398907103825103e+01 8.029677976400623862e+00
1.171584699453551970e+01 8.027537323701485761e+00
1.173770491803278659e+01 8.025399870578031170e+00
1.175956284153005527e+01 8.023265617030261865e+00
1.178142076502732216e+01 8.021134563058176070e+00
1.180327868852459083e+01 8.019006708661775562e+00
1.182513661202185773e+01 8.016882053841062117e+00
1.184699453551912640e+01 8.014760598596030405e+00
1.186885245901639330e+01 8.012642342926687533e+00
1.189071038251366197e+01 8.010527286833026395e+00
1.191256830601092886e+01 8.008415430315050543e+00
1.193442622950819754e+01 8.006306773372759977e+00
1.195628415300546443e+01 8.004201316006156475e+00
1.197814207650273310e+01 8.002099058215234706e+00
1.200000000000000000e+01 8.000000000000000000e+00
