3.699999999999999956e-01
3.699999999999999956e-01
3.699999999999999956e-01
3.699999999999999956e-01
3.699999999999999956e-01
3.699999999999999956e-01
3.699999999999999956e-01
3.699999999999999956e-01
3.699999999999999956e-01
3.699999999999999956e-01
3.699999999999999956e-01
3.699999999999999956e-01
3.699999999999999956e-01
3.699999999999999956e-01
3.699999999999999956e-01
3.699999999999999956e-01
3.699999999999999956e-01
3.699999999999999956e-01
3.699999999999999956e-01
3.699999999999999956e-01
3.699999999999999956e-01
3.699999999999999956e-01
3.699999999999999956e-01
3.699999999999999956e-01
3.699999999999999956e-01
3.699999999999999956e-01
3.699999999999999956e-01
3.699999999999999956e-01
3.699999999999999956e-01
3.699999999999999956e-01
3.699999999999999956e-01
3.699999999999999956e-01
3.699999999999999956e-01
3.699999999999999956e-01
3.699999999999999956e-01
3.699999999999999956e-01
3.699999999999999956e-01
3.699999999999999956e-01
3.699999999999999956e-01
3.699999999999999956e-01
3.699999999999999956e-01
3.699999999999999956e-01
2.391643999209311366e-01
2.204427031405371828e-01
2.043760737219412482e-01
1.905835009828564519e-01
1.787755549998924220e-01
1.687232842701767710e-01
1.602386563338340508e-01
1.531616566285226855e-01
1.473514418730716979e-01
1.426800852230796501e-01
1.390280601146607342e-01
1.362809549642751139e-01
1.343346608301536071e-01
1.331377308861017295e-01
1.326899349503158909e-01
1.330057812828476238e-01
1.341087542120311393e-01
1.360318583779434876e-01
1.388185417374628583e-01
1.425240918684336500e-01
1.472176437814327332e-01
1.529796524658614543e-01
1.598489395211137865e-01
1.678573057269199809e-01
1.770634548861077240e-01
1.875414281002497630e-01
1.993842152990263072e-01
2.127091690636099819e-01
2.276658092153261426e-01
2.444474291411700695e-01
3.699999999999999956e-01
3.699999999999999956e-01
3.699999999999999956e-01
3.699999999999999956e-01
3.699999999999999956e-01
3.699999999999999956e-01
3.699999999999999956e-01
3.699999999999999956e-01
3.699999999999999956e-01
3.699999999999999956e-01
3.699999999999999956e-01
3.699999999999999956e-01
3.699999999999999956e-01
3.699999999999999956e-01
3.699999999999999956e-01
3.699999999999999956e-01
3.699999999999999956e-01
3.699999999999999956e-01
3.699999999999999956e-01
3.699999999999999956e-01
3.699999999999999956e-01
3.699999999999999956e-01
3.699999999999999956e-01
3.699999999999999956e-01
3.699999999999999956e-01
3.699999999999999956e-01
3.699999999999999956e-01
3.699999999999999956e-01
3.699999999999999956e-01
3.699999999999999956e-01
3.699999999999999956e-01
3.699999999999999956e-01
3.699999999999999956e-01
3.699999999999999956e-01
3.699999999999999956e-01
3.699999999999999956e-01
3.699999999999999956e-01
3.699999999999999956e-01
3.699999999999999956e-01
3.699999999999999956e-01
3.699999999999999956e-01
3.699999999999999956e-01
3.699999999999999956e-01
3.699999999999999956e-01
3.699999999999999956e-01
3.699999999999999956e-01
3.699999999999999956e-01
3.699999999999999956e-01
3.699999999999999956e-01
3.699999999999999956e-01
3.699999999999999956e-01
3.699999999999999956e-01
3.699999999999999956e-01
3.699999999999999956e-01
3.699999999999999956e-01
3.699999999999999956e-01
3.699999999999999956e-01
3.699999999999999956e-01
3.699999999999999956e-01
3.699999999999999956e-01
3.699999999999999956e-01
3.699999999999999956e-01
3.699999999999999956e-01
3.699999999999999956e-01
3.699999999999999956e-01
3.699999999999999956e-01
3.699999999999999956e-01
3.699999999999999956e-01
3.699999999999999956e-01
3.699999999999999956e-01
3.699999999999999956e-01
3.699999999999999956e-01
3.699999999999999956e-01
3.699999999999999956e-01
3.699999999999999956e-01
3.699999999999999956e-01
3.699999999999999956e-01
3.699999999999999956e-01
3.699999999999999956e-01
3.699999999999999956e-01
3.699999999999999956e-01
3.699999999999999956e-01
3.699999999999999956e-01
3.699999999999999956e-01
3.699999999999999956e-01
3.699999999999999956e-01
3.699999999999999956e-01
3.699999999999999956e-01
3.699999999999999956e-01
3.699999999999999956e-01
3.699999999999999956e-01
3.699999999999999956e-01
3.699999999999999956e-01
3.699999999999999956e-01
3.699999999999999956e-01
3.699999999999999956e-01
3.699999999999999956e-01
3.699999999999999956e-01
3.699999999999999956e-01
3.699999999999999956e-01
3.699999999999999956e-01
3.699999999999999956e-01
3.699999999999999956e-01
3.699999999999999956e-01
3.699999999999999956e-01
3.699999999999999956e-01
3.699999999999999956e-01
1.972754266765403275e-01
1.521656734609015404e-01
1.357803949711418046e-01
1.426285780427659355e-01
1.797006434427195487e-01
3.699999999999999956e-01
3.699999999999999956e-01
3.699999999999999956e-01
3.699999999999999956e-01
3.699999999999999956e-01
2.301564778985631388e-01
1.973531356562758798e-01
1.742177319958858051e-01
1.582881368121001331e-01
1.478979320555903476e-01
1.418535316487765929e-01
1.392730759292028775e-01
1.394988744684144411e-01
1.420470264404700700e-01
1.465329316241862911e-01
1.525789283024614751e-01
1.598643411954134563e-01
1.681243502421717884e-01
1.771453880845055839e-01
1.867637923415849110e-01
1.968653643550110355e-01
2.073853347039615047e-01
2.183085469893319697e-01
2.296700148938026764e-01
2.415563754034553701e-01
3.699999999999999956e-01
3.699999999999999956e-01
3.699999999999999956e-01
3.699999999999999956e-01
3.699999999999999956e-01
3.699999999999999956e-01
3.699999999999999956e-01
3.699999999999999956e-01
3.699999999999999956e-01
3.699999999999999956e-01
3.699999999999999956e-01
3.699999999999999956e-01
3.699999999999999956e-01
3.699999999999999956e-01
3.699999999999999956e-01
3.699999999999999956e-01
3.699999999999999956e-01
3.699999999999999956e-01
3.699999999999999956e-01
3.699999999999999956e-01
3.699999999999999956e-01
3.699999999999999956e-01
3.699999999999999956e-01
3.699999999999999956e-01
3.699999999999999956e-01
3.699999999999999956e-01
3.699999999999999956e-01
3.699999999999999956e-01
3.699999999999999956e-01
3.699999999999999956e-01
3.699999999999999956e-01
3.699999999999999956e-01
3.699999999999999956e-01
3.699999999999999956e-01
3.699999999999999956e-01
3.699999999999999956e-01
3.699999999999999956e-01
3.699999999999999956e-01
3.699999999999999956e-01
3.699999999999999956e-01
3.699999999999999956e-01
