3.432331643654925601e-01
3.430242786319315229e-01
3.426067844995438483e-01
3.419812420312537959e-01
3.411492186894471423e-01
3.401111778506408223e-01
3.388685934981485737e-01
3.374232860760187913e-01
3.357774488292693538e-01
3.339336764269291713e-01
3.318949954660600499e-01
3.296648960849514753e-01
3.272473638403657348e-01
3.246469134332976569e-01
3.218686172602979179e-01
3.189181309869809633e-01
3.158017180516304312e-01
3.125262702183067565e-01
3.090993234760007757e-01
3.055290686585192539e-01
3.018243562507366140e-01
2.979946949485233199e-01
2.940502436497400285e-01
2.900017966696760152e-01
2.858607620935919025e-01
2.816391332989247043e-01
2.773494537975744190e-01
2.730047756619192745e-01
2.686186119043708076e-01
2.642048832771217159e-01
2.597778600442995356e-01
2.553520993513253012e-01
2.509423788745818173e-01
2.465636274775912240e-01
2.422308536272404500e-01
2.379590723350926140e-01
2.337632313847693155e-01
2.296581351371628499e-01
2.256583727767537129e-01
2.217782485794747849e-01
2.180317119199970677e-01
2.144322898988562098e-01
2.109930232929201066e-01
2.077264059723979983e-01
2.043760737219412482e-01
1.905835009828564519e-01
1.787755549998924220e-01
1.687232842701767710e-01
1.602386563338340508e-01
1.531616566285226855e-01
1.473514418730716979e-01
1.426800852230796501e-01
1.390280601146607342e-01
1.362809549642751139e-01
1.343346608301536071e-01
1.331377308861017295e-01
1.326899349503158909e-01
1.330057812828476238e-01
1.341087542120311393e-01
1.360318583779434876e-01
1.388185417374628583e-01
1.425240918684336500e-01
1.472176437814327332e-01
1.529796524658614543e-01
1.598489395211137865e-01
1.678573057269199809e-01
1.770634548861077240e-01
1.875414281002497630e-01
1.993842152990263072e-01
2.056990047638096730e-01
2.088458512773555265e-01
2.121733360544093561e-01
2.156695311142372284e-01
2.193219613052160566e-01
2.231176654761561073e-01
2.270432615280372213e-01
2.310850150370219458e-01
2.352289110638812186e-01
2.394607286906222099e-01
2.437661177543141433e-01
2.481306771829955571e-01
2.525400342811086607e-01
2.569799242639727033e-01
2.614362693039676833e-01
2.658952563266437918e-01
2.703434127839049461e-01
2.747676796343445638e-01
2.791543249238608304e-01
2.834919205007820353e-01
2.877691209695444341e-01
2.919751806588065657e-01
2.960999615050320388e-01
3.001340624134135604e-01
3.040688517007458791e-01
3.078964919684502033e-01
3.116099571930830425e-01
3.152030419242988768e-01
3.186703625838548937e-01
3.220073509618495144e-01
3.252102401060361636e-01
3.282760428949738629e-01
3.312025236743475487e-01
3.339881634166195212e-01
3.366321189361046740e-01
3.391341767536940610e-01
3.414947022571571678e-01
3.437145848438812878e-01
3.457951797629441604e-01
3.477382473927420614e-01
3.495458906993542669e-01
3.512204916200242222e-01
3.527653630404414820e-01
3.541825078861220999e-01
3.554747531871525479e-01
3.566449817351118878e-01
3.576960073518740679e-01
3.586305793631233141e-01
3.594513108499959309e-01
3.601606301687252931e-01
3.607607370141698855e-01
3.612535633837394844e-01
3.616407397599102902e-01
3.619235667871502637e-01
3.621029926330220916e-01
3.621795960265981607e-01
3.621535753981039440e-01
3.620247461234243347e-01
3.617925427812241912e-01
3.614560257349698214e-01
3.610139081338906708e-01
3.604645625915638418e-01
3.598060473266835868e-01
3.590361382775786314e-01
3.581523666572801190e-01
3.571520616179433283e-01
3.560323976780854216e-01
3.547904464989184437e-01
3.534232325392113738e-01
3.519277920642380209e-01
3.503012349349499122e-01
3.485408085602250683e-01
3.466447388888247438e-01
3.446100508208402857e-01
3.424348070327482008e-01
3.401174700674188811e-01
3.376569656332798486e-01
3.350527434624835932e-01
3.323048349268460933e-01
3.294139066256383530e-01
3.263813091868242311e-01
3.232091188350237898e-01
3.199001739850050319e-01
3.164581084129525212e-01
3.128873741595455948e-01
3.091932567176293722e-01
3.053818821576730902e-01
3.014602159782080459e-01
2.974360538263305931e-01
2.933180035438433531e-01
2.891154586931783954e-01
2.848385640717393530e-01
2.804981734542089100e-01
2.761058000036890614e-01
2.716735598934660323e-01
2.672141097683762290e-01
2.627399949309128790e-01
2.582655521718660863e-01
2.538046090471529626e-01
2.493712441352855247e-01
2.449797052806818587e-01
2.406443269003564478e-01
2.363794472352253317e-01
2.321993263987428002e-01
2.281180660315702269e-01
2.241495313128092082e-01
2.203072760077250114e-01
2.166044711508765541e-01
2.130538378744382955e-01
2.096675847967364170e-01
1.972754266765403275e-01
1.521656734609015404e-01
1.357803949711418046e-01
1.426285780427659355e-01
1.797006434427195487e-01
1.934076883999101826e-01
1.914600622526296536e-01
1.897501897028072426e-01
1.882836848382527517e-01
1.870652989958298262e-01
1.860989104986282561e-01
1.853875177989158796e-01
1.742177319958858051e-01
1.582881368121001331e-01
1.478979320555903476e-01
1.418535316487765929e-01
1.392730759292028775e-01
1.394988744684144411e-01
1.420470264404700700e-01
1.465329316241862911e-01
1.525789283024614751e-01
1.598643411954134563e-01
1.681243502421717884e-01
1.771453880845055839e-01
1.867637923415849110e-01
1.968653643550110355e-01
2.046733516230029581e-01
2.077417011332738928e-01
2.109863408729357737e-01
2.143959991829649803e-01
2.179588606902519710e-01
2.216626135737805037e-01
2.254945003923851110e-01
2.294413720067752793e-01
2.334897280098231220e-01
2.376257854936768554e-01
2.418355413295482370e-01
2.461048350363156112e-01
2.504194129463214735e-01
2.547649930843715049e-01
2.591273301297482567e-01
2.634922797971800956e-01
2.678458619525345696e-01
2.721743217735510534e-01
2.764641882758138713e-01
2.807023295495902904e-01
2.848760040939016802e-01
2.889728843169679928e-01
2.929811634379700935e-01
2.968895311690834538e-01
3.006872236908006424e-01
3.043640486211103280e-01
3.079104039802727510e-01
3.113172911507885443e-01
3.145763219430864344e-01
3.176797199868346966e-01
3.206203167730004022e-01
3.233915427703329404e-01
3.259874141294515359e-01
3.284025155660250106e-01
3.306319800797287156e-01
3.326714662161692204e-01
3.345171336135214224e-01
3.361656175933558921e-01
3.376140035555588170e-01
3.388598019202868628e-01
3.399009243258784840e-01
3.407356617412836686e-01
3.413626650859776790e-01
3.417818740221179041e-01
3.419917412031691084e-01
