0.000000000000000000e+00 0.000000000000000000e+00
-2.100009482951528672e-01 3.092807226570454815e-01
-1.692874260513616280e-01 3.465077140521074517e-01
-1.286016828992297967e-01 3.835613550131076188e-01
-8.794403889607280145e-02 4.204505044067241570e-01
-4.731470822041761171e-02 4.571839518158478111e-01
-6.713796110852709997e-03 4.937704140851064682e-01
3.385870480446112607e-02 5.302185313968466041e-01
7.440291875415494527e-02 5.665368629250349120e-01
1.149190916055491951e-01 6.027338821265038060e-01
1.554075961347161083e-01 6.388179717408624114e-01
1.958689377302556822e-01 6.747974185819514137e-01
2.363037604695516769e-01 7.106804082145314894e-01
2.767128535002816303e-01 7.464750196190501619e-01
3.170971576562076066e-01 7.821892199533095891e-01
3.574581401360059085e-01 8.178304450999294151e-01
3.977965478208561612e-01 8.534070066736852977e-01
4.381138324537398043e-01 8.889264912249138506e-01
4.784116192653770083e-01 9.243963617112340714e-01
5.186917133272131997e-01 9.598239548174583025e-01
5.589561052835367860e-01 9.952164794642789358e-01
5.992069763151164352e-01 1.030581016679908757e+00
6.394467021774236093e-01 1.065924521009427695e+00
6.796778561484904113e-01 1.101253823633772999e+00
7.199032107153814364e-01 1.136575637363948399e+00
7.601257343461260696e-01 1.171896567558411650e+00
8.003485917829697982e-01 1.207223119429438496e+00
8.405751414990541015e-01 1.242561708822685684e+00
8.808089303096462430e-01 1.277918676378168694e+00
9.210536858093367751e-01 1.313300304204310320e+00
9.613133064754760815e-01 1.348712835112096720e+00
1.001591849292664094e+00 1.384162494421281142e+00
1.041893514771522256e+00 1.419655514311963351e+00
1.082222629257150182e+00 1.455198160653216721e+00
1.122583624448618256e+00 1.490796762196616720e+00
1.162981014068129371e+00 1.526457741990143280e+00
1.203419367502060577e+00 1.562187650982426623e+00
1.243903280665325406e+00 1.597993203311802723e+00
1.284436811837279313e+00 1.633881882031110067e+00
1.325025012288965076e+00 1.669860297701725393e+00
1.365673408697501090e+00 1.705936547654092639e+00
1.406499730583067764e+00 1.742191493561958682e+00
1.447716110789939670e+00 1.778733520877151975e+00
1.489340490159648311e+00 1.815480114692553659e+00
1.531369224710795951e+00 1.852326647500304180e+00
1.573801023512136021e+00 1.889169140595014618e+00
1.616636836698965185e+00 1.925904220785942700e+00
1.659879789678667894e+00 1.962429049928806402e+00
1.703535161849237367e+00 1.998641224129179328e+00
1.747610407940971999e+00 2.034438637242429238e+00
1.792115219431905437e+00 2.069719300871725398e+00
1.837061622174919640e+00 2.104381110358467311e+00
1.882464104131187144e+00 2.138321543212438058e+00
1.928339763551798036e+00 2.171437273039032778e+00
1.974595835557561241e+00 2.203564636228038331e+00
2.020760301603269138e+00 2.234384072752071848e+00
2.066679097860363079e+00 2.263891506631874329e+00
2.112321630217306456e+00 2.292184636422811117e+00
2.157661046799438154e+00 2.319364451393003179e+00
2.202674605004896424e+00 2.345534839756769685e+00
2.247343917587780293e+00 2.370802165448758991e+00
2.291655078848498839e+00 2.395274834982962009e+00
2.335598677433941006e+00 2.419062874121794771e+00
2.379187481501165102e+00 2.442284702170514521e+00
2.422599866548917014e+00 2.465118682453779630e+00
2.465936398650053096e+00 2.487662923469736498e+00
2.509192557526810141e+00 2.509946809644251875e+00
2.552362617123498101e+00 2.531999323633950194e+00
2.595440984102877380e+00 2.553849824097365051e+00
2.638422206698049610e+00 2.575527959024551006e+00
2.681300981304962416e+00 2.597063576318507039e+00
2.724072156930816391e+00 2.618486632494161359e+00
2.766730737663724682e+00 2.639827100357752254e+00
2.809272005840119490e+00 2.661114917551358428e+00
2.851694620072656949e+00 2.682379969582644463e+00
2.893996570467497698e+00 2.703652171541436111e+00
2.936173369731289284e+00 2.724958841915774421e+00
2.978220558157771425e+00 2.746326785574155771e+00
3.020133837962454937e+00 2.767782299353847009e+00
3.061909073835669126e+00 2.789351096371459615e+00
3.103542294228266663e+00 2.811058233626544389e+00
3.148332055501994464e+00 2.827454647648510289e+00
3.194564425000473218e+00 2.841418439476468993e+00
3.240008041203176870e+00 2.856677285563071322e+00
3.284724143057449641e+00 2.873152039145604686e+00
3.328760744300621077e+00 2.890782208719943291e+00
3.372155260819761580e+00 2.909521838972894070e+00
3.414936390345536754e+00 2.929336557511323935e+00
3.457125477496749699e+00 2.950201418896521766e+00
3.498737512977472264e+00 2.972099310826135099e+00
3.539781864158544789e+00 2.995019768629020085e+00
3.580262801473743206e+00 3.018958095663056618e+00
3.620179863361414174e+00 3.043914720915276373e+00
3.659528087460667045e+00 3.069894748092920178e+00
3.698298124751009386e+00 3.096907666958568672e+00
3.736476244582813244e+00 3.124967210252964644e+00
3.774044230868121907e+00 3.154091350075286737e+00
3.810979162099424222e+00 3.184302437444002098e+00
3.847253059373796802e+00 3.215627499210853113e+00
3.882832376079615955e+00 3.248098718956871966e+00
3.917677288785128109e+00 3.281754144822746078e+00
3.951740728771548916e+00 3.316638690183104643e+00
3.984967063717579805e+00 3.352805527116295536e+00
4.017292223478508006e+00 3.390321360424346953e+00
4.053632478409239681e+00 3.422319649847979317e+00
4.091265646970951408e+00 3.452842832733313827e+00
4.128841971476414408e+00 3.483796155459306210e+00
4.166369261653652956e+00 3.515151693787305742e+00
4.203856208503103709e+00 3.546881198556573356e+00
4.241312320962857818e+00 3.578956130189077545e+00
4.278747853991964334e+00 3.611347700483446221e+00
4.316173731448941453e+00 3.644026917259814979e+00
4.353601464998872572e+00 3.676964630569842463e+00
4.391043066145646989e+00 3.710131584698202367e+00
4.428510934763441043e+00 3.743498497883578580e+00
4.466017751679951964e+00 3.777036133738221668e+00
4.503576347548261083e+00 3.810715401279102466e+00
4.541199498559649328e+00 3.844507547169370820e+00
4.578900751965809590e+00 3.878383026171103864e+00
4.616693171375501059e+00 3.912313049818310962e+00
4.654589661060971828e+00 3.946269096386255448e+00
4.692606124548710511e+00 3.980224528135531070e+00
4.730780555284749944e+00 4.014162991382050016e+00
4.769137853347682920e+00 4.048054995317169613e+00
4.807690766549565176e+00 4.081862267945381539e+00
4.846451403244474321e+00 4.115546916344601236e+00
4.885431208062199993e+00 4.149071515195221771e+00
4.924640875875012647e+00 4.182399140586204211e+00
4.964090272683787219e+00 4.215493402279809843e+00
5.003788364061268368e+00 4.248318474198550909e+00
5.043743151751754361e+00 4.280839122895920390e+00
5.083961618980260333e+00 4.313020733771879556e+00
5.124449684971523311e+00 4.344829334794671816e+00
5.165211510607871759e+00 4.376231300796682433e+00
5.206171330415449994e+00 4.407156314451465384e+00
5.247173361919127643e+00 4.437519676775987243e+00
5.288193477888781580e+00 4.467342614659660427e+00
5.329225191323599731e+00 4.496661114418177618e+00
5.370262399430650646e+00 4.525513007396659404e+00
5.411299435017141946e+00 4.553937949480168612e+00
5.452331102022873743e+00 4.581977386681916897e+00
5.493352694996204377e+00 4.609674507494117890e+00
5.534360002667195744e+00 4.637074182701351965e+00
5.575349296107602548e+00 4.664222893357288235e+00
5.616317302287027857e+00 4.691168647620041376e+00
5.657261164130212627e+00 4.717960887132941039e+00
5.698178388452927123e+00 4.744650383633956636e+00
5.739066395216045890e+00 4.771289663027361350e+00
5.779923622878905931e+00 4.797931250456382912e+00
5.820748265515250708e+00 4.824629193929871107e+00
5.861538585459565631e+00 4.851438376804726893e+00
5.902292829110549199e+00 4.878414375680510950e+00
5.943009142615390594e+00 4.905613313397863884e+00
5.983685750374998946e+00 4.933091828933067191e+00
6.024411734480133340e+00 4.960949171643869171e+00
6.065397712028891775e+00 4.989313541451927847e+00
6.106649493409375573e+00 5.018146763098053853e+00
6.148139496658802550e+00 5.047383222901696165e+00
6.189842255199825338e+00 5.076957248721174487e+00
6.231734498073596917e+00 5.106803196824239777e+00
6.273795246491562949e+00 5.136855516824204493e+00
6.316005927647051266e+00 5.167048797227041135e+00
6.358350503821250221e+00 5.197317796473696738e+00
6.400815625067697745e+00 5.227597450445075289e+00
6.443390799333388763e+00 5.257822864135327734e+00
6.486068580964063912e+00 5.287929285243547994e+00
6.528844778759247625e+00 5.317852055806215006e+00
6.581504248936745682e+00 5.334449705884805937e+00
6.635505693123628923e+00 5.348496311081952115e+00
6.686152092042441986e+00 5.366236288320386016e+00
6.734203656751360789e+00 5.386740613789933185e+00
6.780122815821395754e+00 5.409486894596174267e+00
6.824217498149465655e+00 5.434186464318915277e+00
6.866700365695528774e+00 5.460717742992636126e+00
6.906376625573919625e+00 5.488299380346115086e+00
6.940235972935148823e+00 5.514490373743957008e+00
6.969557743277970729e+00 5.540092141934903403e+00
6.997062009760150580e+00 5.568405658526452306e+00
7.025520271949724282e+00 5.604046018186005895e+00
7.056755544436826177e+00 5.651972702992094533e+00
7.090727536066826708e+00 5.716958966640673268e+00
7.124940711632015145e+00 5.803390909939821540e+00
7.154093157636342681e+00 5.914833565429646889e+00
7.169190093300683131e+00 6.050968070355216000e+00
7.169317591048756988e+00 6.205069085525589223e+00
7.206598727514514913e+00 6.357546212920970774e+00
7.244207000331079449e+00 6.513468380864903651e+00
7.282128671513867779e+00 6.667469140645017056e+00
7.320441217885858443e+00 6.814923462393281284e+00
7.358918435798186053e+00 6.953806444175420154e+00
7.397455300098828346e+00 7.084146373844283140e+00
7.436089878923996643e+00 7.206508996733207439e+00
7.474859230971745205e+00 7.321450082655169389e+00
7.513796389828570454e+00 7.429510746529861542e+00
7.552926939315342203e+00 7.531214123432679486e+00
7.592264854861600298e+00 7.627062388271131255e+00
7.631807874345013509e+00 7.717534629514564593e+00
7.671533604085980507e+00 7.803086419362523785e+00
7.711472773416764070e+00 7.884189192807165014e+00
7.751753389477951117e+00 7.961287288949803198e+00
7.792408974569696944e+00 8.034612741230455768e+00
7.833450186499857359e+00 8.104360192444854505e+00
7.874874367294681932e+00 8.170712599221786832e+00
7.916663091651297002e+00 8.233842085138217470e+00
7.958780199243945752e+00 8.293911576463310453e+00
8.001170623290073891e+00 8.351077184806078080e+00
8.043760301750229047e+00 8.405491188186257290e+00
8.086457376501519079e+00 8.457305353985301366e+00
8.129154755813125632e+00 8.506674270958043849e+00
8.171733957265814752e+00 8.553758336955002761e+00
8.214069993230282307e+00 8.598726096283881404e+00
8.256036941746966562e+00 8.641755730233526833e+00
8.297513785190743008e+00 8.683035653584965985e+00
8.338390103355500571e+00 8.722764325903808569e+00
8.378571264287183240e+00 8.761149515612693506e+00
8.417982840764240748e+00 8.798407332501827938e+00
8.456574065723062361e+00 8.834761359050197882e+00
8.494320206202392143e+00 8.870442164446538769e+00
8.531223775543374188e+00 8.905687388935156434e+00
8.567314524392855901e+00 8.940742457160077095e+00
8.602648169128659816e+00 8.975861837600580984e+00
8.637400054481879863e+00 9.011372385569595522e+00
8.672329986127634172e+00 9.047965559155841220e+00
8.707729894533828841e+00 9.085858366612439951e+00
8.743569718900477739e+00 9.124971489396106250e+00
8.779821227721031462e+00 9.165223149916849721e+00
8.816459120127959181e+00 9.206530902461739885e+00
8.853460778099510264e+00 9.248811943374699140e+00
8.890806058143327917e+00 9.291983337476459326e+00
8.928477093247154883e+00 9.335962206802015828e+00
8.966458140901940155e+00 9.380665861866821942e+00
9.004735461943649710e+00 9.426011899860624155e+00
9.043297226004273881e+00 9.471918280183201588e+00
9.082133443830857189e+00 9.518303381734638080e+00
9.121235931018368603e+00 9.565086041429060160e+00
9.160597703480418019e+00 9.612186088542385320e+00
9.200214646257274254e+00 9.659522948628895378e+00
9.240083945342192351e+00 9.707017030609517150e+00
9.280204613137872371e+00 9.754589332682655822e+00
9.320577564984731112e+00 9.802161450009833743e+00
9.361205716045066794e+00 9.849655580881295336e+00
9.402094102530613284e+00 9.896994528084979592e+00
9.443250030186421284e+00 9.944101692806386339e+00
9.484683240273193761e+00 9.990901069189499495e+00
9.526406135346714876e+00 1.003731720110252468e+01
9.568434027967073874e+00 1.008327513050182311e+01
9.610785428826513765e+00 1.012870031910477842e+01
9.653482378688728716e+00 1.017351853313397214e+01
9.696550827102566217e+00 1.021765567887187665e+01
9.740021059756239552e+00 1.026103757316765552e+01
