0.000000000000000000e+00 0.000000000000000000e+00
4.016064257028112428e-02 3.688217215997077053e-02
8.032128514056224855e-02 7.361637682327790144e-02
1.204819277108433728e-01 1.102118642648003272e-01
1.606425702811244971e-01 1.466778847594169266e-01
2.008032128514056214e-01 1.830236885820065162e-01
2.409638554216867457e-01 2.192585260074480791e-01
2.811244979919678699e-01 2.553916473106204732e-01
3.212851405622489942e-01 2.914323027664024734e-01
3.614457831325301185e-01 3.273897426496731322e-01
4.016064257028112428e-01 3.632732172353111966e-01
4.417670682730923670e-01 3.990919767981956912e-01
4.819277108433734913e-01 4.348552716132053075e-01
5.220883534136546711e-01 4.705723519552192924e-01
5.622489959839357399e-01 5.062524680991159487e-01
6.024096385542168086e-01 5.419048703197747452e-01
6.425702811244979884e-01 5.775388088920742069e-01
6.827309236947791682e-01 6.131635340908934140e-01
7.228915662650602370e-01 6.487882961911108914e-01
7.630522088353413057e-01 6.844223454676060525e-01
8.032128514056224855e-01 7.200749321952575333e-01
8.433734939759036653e-01 7.557553066489441917e-01
8.835341365461847341e-01 7.914727191035447751e-01
9.236947791164658028e-01 8.272364198339382524e-01
9.638554216867469826e-01 8.630556591150040369e-01
1.004016064257028162e+00 8.989396872216202095e-01
1.044176706827309342e+00 9.348977544286662944e-01
1.084337349397590300e+00 9.709391110110205947e-01
1.124497991967871480e+00 1.007073007243562301e+00
1.164658634538152659e+00 1.043308693401170384e+00
1.204819277108433617e+00 1.079655419758723367e+00
1.244979919678714797e+00 1.116122436591100886e+00
1.285140562248995977e+00 1.152718994173181022e+00
1.325301204819277157e+00 1.189454342779842966e+00
1.365461847389558336e+00 1.226337732685965687e+00
1.405622489959839294e+00 1.263378414166428154e+00
1.445783132530120474e+00 1.300585637496108671e+00
1.485943775100401654e+00 1.337968652949886872e+00
1.526104417670682611e+00 1.375536710802641283e+00
1.566265060240963791e+00 1.413299061329250872e+00
1.606425702811244971e+00 1.451264642245463143e+00
1.646586345381526151e+00 1.489408100137209479e+00
1.686746987951807331e+00 1.527639301307002428e+00
1.726907630522088288e+00 1.565860916842668704e+00
1.767068273092369468e+00 1.603975617832037237e+00
1.807228915662650648e+00 1.641886075362934960e+00
1.847389558232931606e+00 1.679494960523189695e+00
1.887550200803212785e+00 1.716704944400629707e+00
1.927710843373493965e+00 1.753418698083080596e+00
1.967871485943775145e+00 1.789538892658372404e+00
2.008032128514056325e+00 1.824968199214329845e+00
2.048192771084337505e+00 1.859609288838782515e+00
2.088353413654618684e+00 1.893364832619557125e+00
2.128514056224899420e+00 1.926137501644481276e+00
2.168674698795180600e+00 1.957859845493034046e+00
2.208835341365461780e+00 1.988589649480189347e+00
2.248995983935742959e+00 2.018417506120607552e+00
2.289156626506024139e+00 2.047434008047536391e+00
2.329317269076305319e+00 2.075729747894222488e+00
2.369477911646586499e+00 2.103395318293912464e+00
2.409638554216867234e+00 2.130521311879852497e+00
2.449799196787148414e+00 2.157198321285289655e+00
2.489959839357429594e+00 2.183516939143471003e+00
2.530120481927710774e+00 2.209563399974480813e+00
2.570281124497991954e+00 2.235379522071140546e+00
2.610441767068273133e+00 2.260981179977627153e+00
2.650602409638554313e+00 2.286383922837567084e+00
2.690763052208835493e+00 2.311603299794589006e+00
2.730923694779116673e+00 2.336654859992318478e+00
2.771084337349397408e+00 2.361554152574382393e+00
2.811244979919678588e+00 2.386316726684407641e+00
2.851405622489959768e+00 2.410958131466021559e+00
2.891566265060240948e+00 2.435493916062851483e+00
2.931726907630522128e+00 2.459939596112520999e+00
2.971887550200803307e+00 2.484309885720235922e+00
3.012048192771084487e+00 2.508618679909979665e+00
3.052208835341365223e+00 2.532879836689460706e+00
3.092369477911646403e+00 2.557107214066387524e+00
3.132530120481927582e+00 2.581314670048468152e+00
3.172690763052208762e+00 2.605516062643413289e+00
3.212851405622489942e+00 2.629725249858930081e+00
3.253012048192771122e+00 2.653956089702726562e+00
3.293172690763052302e+00 2.678222440182513875e+00
3.333333333333333481e+00 2.702538159305998278e+00
3.373493975903614661e+00 2.726917105080889137e+00
3.413654618473895397e+00 2.751373135514895374e+00
3.453815261044176577e+00 2.775920108615725912e+00
3.493975903614457756e+00 2.800571882391088785e+00
3.534136546184738936e+00 2.825342314848692915e+00
3.574297188755020116e+00 2.850245263996247669e+00
3.614457831325301296e+00 2.875294587841459748e+00
3.654618473895582476e+00 2.900504144392040295e+00
3.694779116465863211e+00 2.925887791655696457e+00
3.734939759036144391e+00 2.951459387640137155e+00
3.775100401606425571e+00 2.977232790353070868e+00
3.815261044176706751e+00 3.003221857802206962e+00
3.855421686746987930e+00 3.029440447995253471e+00
3.895582329317269110e+00 3.055902418939919318e+00
3.935742971887550290e+00 3.082621628643912981e+00
3.975903614457831470e+00 3.109611935114942938e+00
4.016064257028112650e+00 3.136887196360718555e+00
4.056224899598393385e+00 3.164461270388948311e+00
4.096385542168675009e+00 3.192348015207339795e+00
4.136546184738955745e+00 3.220560076260341908e+00
4.176706827309237369e+00 3.249093567725212406e+00
4.216867469879518104e+00 3.277932655240341830e+00
4.257028112449798840e+00 3.307061238815418580e+00
4.297188755020080464e+00 3.336463218460131941e+00
4.337349397590361200e+00 3.366122494184164982e+00
4.377510040160642824e+00 3.396022965997208320e+00
4.417670682730923559e+00 3.426148533908948135e+00
4.457831325301205183e+00 3.456483097929071491e+00
4.497991967871485919e+00 3.487010558067265897e+00
4.538152610441766655e+00 3.517714814333217976e+00
4.578313253012048278e+00 3.548579766736617014e+00
4.618473895582329014e+00 3.579589315287149187e+00
4.658634538152610638e+00 3.610727359994502450e+00
4.698795180722891374e+00 3.641977800868362536e+00
4.738955823293172998e+00 3.673324537918420063e+00
4.779116465863453733e+00 3.704751471154358988e+00
4.819277108433734469e+00 3.736242500585866821e+00
4.859437751004016093e+00 3.767780531423036816e+00
4.899598393574296828e+00 3.799340728008666623e+00
4.939759036144578452e+00 3.830894627056162349e+00
4.979919678714859188e+00 3.862413744491416612e+00
5.020080321285140812e+00 3.893869596240327802e+00
5.060240963855421548e+00 3.925233698228788537e+00
5.100401606425703172e+00 3.956477566382697209e+00
5.140562248995983907e+00 3.987572716627947766e+00
5.180722891566264643e+00 4.018490664890437714e+00
5.220883534136546267e+00 4.049202927096062332e+00
5.261044176706827002e+00 4.079681019170716461e+00
5.301204819277108626e+00 4.109896457040295381e+00
5.341365461847389362e+00 4.139820930604273030e+00
5.381526104417670986e+00 4.169446845041679950e+00
5.421686746987951722e+00 4.198806658475272791e+00
5.461847389558233345e+00 4.227937405942546079e+00
5.502008032128514081e+00 4.256876122480992564e+00
5.542168674698794817e+00 4.285659843128105884e+00
5.582329317269076441e+00 4.314325602921381453e+00
5.622489959839357176e+00 4.342910436898309356e+00
5.662650602409638800e+00 4.371451380096389450e+00
5.702811244979919536e+00 4.399985467553108265e+00
5.742971887550201160e+00 4.428549734305965657e+00
5.783132530120481896e+00 4.457181215392449936e+00
5.823293172690762631e+00 4.485916945850058291e+00
5.863453815261044255e+00 4.514793960716286136e+00
5.903614457831324991e+00 4.543849295028623558e+00
5.943775100401606615e+00 4.573119983824566859e+00
5.983935742971887350e+00 4.602643062141607011e+00
6.024096385542168974e+00 4.632455565017240318e+00
6.064257028112449710e+00 4.662594527488958640e+00
6.104417670682730446e+00 4.693096984594257393e+00
6.144578313253012070e+00 4.723999891683653196e+00
6.184738955823292805e+00 4.755311488533273234e+00
6.224899598393574429e+00 4.786968845368201997e+00
6.265060240963855165e+00 4.818898196299244319e+00
6.305220883534136789e+00 4.851025775437211252e+00
6.345381526104417524e+00 4.883277816892910295e+00
6.385542168674699148e+00 4.915580554777147171e+00
6.425702811244979884e+00 4.947860223200732044e+00
6.465863453815260620e+00 4.980043056274474189e+00
6.506024096385542244e+00 5.012055288109179330e+00
6.546184738955822979e+00 5.043823152815657629e+00
6.586345381526104603e+00 5.075272884504714810e+00
6.626506024096385339e+00 5.106330717287161924e+00
6.666666666666666963e+00 5.136922885273803807e+00
6.706827309236947698e+00 5.166975622575450622e+00
6.746987951807229322e+00 5.196415163302908979e+00
6.787148594377510058e+00 5.225167741566989932e+00
6.827309236947790794e+00 5.253159591478497425e+00
6.867469879518072418e+00 5.280316947148243401e+00
6.907630522088353153e+00 5.306566042687033580e+00
6.947791164658634777e+00 5.331834286411036850e+00
6.987951807228915513e+00 5.356735607141255961e+00
7.028112449799197137e+00 5.383724014553738613e+00
7.068273092369477872e+00 5.415558580252341159e+00
7.108433734939758608e+00 5.454998375840922620e+00
7.148594377510040232e+00 5.504802472923337575e+00
7.188755020080320968e+00 5.567729943103443269e+00
7.228915662650602592e+00 5.646539857985096944e+00
7.269076305220883327e+00 5.743991289172150516e+00
7.309236947791164951e+00 5.862063561060755212e+00
7.349397590361445687e+00 5.997552135352941960e+00
7.389558232931726423e+00 6.145137719106482876e+00
7.429718875502008046e+00 6.299494780548090311e+00
7.469879518072288782e+00 6.455297787904463291e+00
7.510040160642570406e+00 6.607221209402316831e+00
7.550200803212851142e+00 6.750540853617209791e+00
7.590361445783132766e+00 6.884334573585275230e+00
7.630522088353413501e+00 7.009161888253098383e+00
7.670682730923695125e+00 7.125585671439903734e+00
7.710843373493975861e+00 7.234168796964905113e+00
7.751004016064256597e+00 7.335474138647324338e+00
7.791164658634538220e+00 7.430064570306383231e+00
7.831325301204818956e+00 7.518502965761297396e+00
7.871485943775100580e+00 7.601352198831288653e+00
7.911646586345381316e+00 7.679174086678099087e+00
7.951807228915662940e+00 7.752427370470207357e+00
7.991967871485943675e+00 7.821382712943960591e+00
8.032128514056225299e+00 7.886290767256336487e+00
8.072289156626505147e+00 7.947402186564318072e+00
8.112449799196786770e+00 8.004967624024887485e+00
8.152610441767068394e+00 8.059237732795025977e+00
8.192771084337350018e+00 8.110463166031712134e+00
8.232931726907629866e+00 8.158894576891929873e+00
8.273092369477911490e+00 8.204782618532656002e+00
8.313253012048193114e+00 8.248377944110876214e+00
8.353413654618474737e+00 8.289931206783570872e+00
8.393574297188754585e+00 8.329693059707716785e+00
8.433734939759036209e+00 8.367914156040304974e+00
8.473895582329317833e+00 8.404845148938306920e+00
8.514056224899597680e+00 8.440736691558704763e+00
8.554216867469879304e+00 8.475839437058480641e+00
8.594377510040160928e+00 8.510404038594623799e+00
8.634538152610442552e+00 8.544681149324103941e+00
8.674698795180722399e+00 8.578921422403904984e+00
8.714859437751004023e+00 8.613375510991014394e+00
8.755020080321285647e+00 8.648294068242405430e+00
8.795180722891565495e+00 8.683927747315063783e+00
8.835341365461847118e+00 8.720527201365969816e+00
8.875502008032128742e+00 8.758314284262906924e+00
8.915662650602410366e+00 8.797300094148432947e+00
8.955823293172690214e+00 8.837402079118406917e+00
8.995983935742971838e+00 8.878537262633447114e+00
9.036144578313253461e+00 8.920622668154193136e+00
9.076305220883533309e+00 8.963575319141268594e+00
9.116465863453814933e+00 9.007312239055304204e+00
9.156626506024096557e+00 9.051750451356928906e+00
9.196787148594378181e+00 9.096806979506782298e+00
9.236947791164658028e+00 9.142398846965477333e+00
9.277108433734939652e+00 9.188443077193657160e+00
9.317269076305221276e+00 9.234856693651945392e+00
9.357429718875501123e+00 9.281556719800974520e+00
9.397590361445782747e+00 9.328460179101377037e+00
9.437751004016064371e+00 9.375484095013773000e+00
9.477911646586345995e+00 9.422545490998802009e+00
9.518072289156625843e+00 9.469561390517085897e+00
9.558232931726907466e+00 9.516448817029264262e+00
9.598393574297189090e+00 9.563124793995960715e+00
9.638554216867468938e+00 9.609506344877802420e+00
9.678714859437750562e+00 9.655510493135425421e+00
9.718875502008032186e+00 9.701054262229455105e+00
9.759036144578313809e+00 9.746054675620525742e+00
9.799196787148593657e+00 9.790428756769259167e+00
9.839357429718875281e+00 9.834093529136293199e+00
9.879518072289156905e+00 9.876966016182255004e+00
9.919678714859438529e+00 9.918963241367773520e+00
9.959839357429718376e+00 9.960002228153475912e+00
1.000000000000000000e+01 1.000000000000000000e+01
