0.000000000000000000e+00 0.000000000000000000e+00
2.721838069018902573e-01 -2.157656201211099189e-01
3.115563117374187119e-01 -1.791874428865277979e-01
3.508189672287137517e-01 -1.425647527854759233e-01
3.899740141842802377e-01 -1.058886970555848184e-01
4.290228048697912744e-01 -6.914972619027243139e-02
4.679672241156376256e-01 -3.233915733047867946e-02
5.068092375002598571e-01 4.551314948750828648e-03
5.455509062081974614e-01 4.152959869634018086e-02
5.841944041220907824e-01 7.860318332772323058e-02
6.227420369321374771e-01 1.157791173831160814e-01
6.611962628061995861e-01 1.530639859165612016e-01
6.995597141210385672e-01 1.904638881934556660e-01
7.378352213732233267e-01 2.279844145646650055e-01
7.760258346641218941e-01 2.656306278165643242e-01
8.141348442918503459e-01 3.034070474207262724e-01
8.521658017702143928e-01 3.413176353076290970e-01
8.901225394033244198e-01 3.793657853627133703e-01
9.280091879816803058e-01 4.175543172117253121e-01
9.658301922013533547e-01 4.558854747938447805e-01
1.003590323449557120e+00 4.943609301407687617e-01
1.041294689646816707e+00 5.329817926899018676e-01
1.078948741886865514e+00 5.717486243619405162e-01
1.116558277669536636e+00 6.106614605299831577e-01
1.154129440578023358e+00 6.497198369010792618e-01
1.191668716308952325e+00 6.889228222244277999e-01
1.229182925020666062e+00 7.282690566357291617e-01
1.266679210020723589e+00 7.677567953467169248e-01
1.304165022867127766e+00 8.073839572952072885e-01
1.341648105007836600e+00 8.471481782857720466e-01
1.379136466129151639e+00 8.870468680765333236e-01
1.416638359424584159e+00 9.270772708048719002e-01
1.454162254031124313e+00 9.672365280952756050e-01
1.491716804909086536e+00 1.007521744157009680e+00
1.529310820464219622e+00 1.047930052158022818e+00
1.566953228226633632e+00 1.088458681154772290e+00
1.604653038909972240e+00 1.129105022864873131e+00
1.642419307506963744e+00 1.169866699383718345e+00
1.680261095915722036e+00 1.210741626662647175e+00
1.718187435340039704e+00 1.251728075421399744e+00
1.756206635618588585e+00 1.292823802907473674e+00
1.794257843701652311e+00 1.333927118872116901e+00
1.832225433370004097e+00 1.374818891030785029e+00
1.870114920457633056e+00 1.415388554438384183e+00
1.907758614532651276e+00 1.455733223978547208e+00
1.938053303439707387e+00 1.503296572118133945e+00
1.969589352033596086e+00 1.549003928415252584e+00
2.002222308798277783e+00 1.592939624933167320e+00
2.035827657779282873e+00 1.635151283186090598e+00
2.070293026735043007e+00 1.675660356299951914e+00
2.105512890420606631e+00 1.714469563565776511e+00
2.141384876589263797e+00 1.751568379036875012e+00
2.177807170808949255e+00 1.786937266499591059e+00
2.214676737322424760e+00 1.820551086457389278e+00
2.251941200918048835e+00 1.852444046275958600e+00
2.289740973853100492e+00 1.882854442395343719e+00
2.328112325357749590e+00 1.911894159585139086e+00
2.367050707191612702e+00 1.939623757844655794e+00
2.406559032795823061e+00 1.966099150459924338e+00
2.446648267538067412e+00 1.991371201848661787e+00
2.487338311144164482e+00 2.015485077138121639e+00
2.528659221438658289e+00 2.038479269423825624e+00
2.570652858359986581e+00 2.060384200504188801e+00
2.613362357074731523e+00 2.081214016296242697e+00
2.656717255087996943e+00 2.100915851160919168e+00
2.700672809795179319e+00 2.119438133471216457e+00
2.745254584821825272e+00 2.136742909778713173e+00
2.790497930289433270e+00 2.152780312327001511e+00
2.836449132005446572e+00 2.167484982624625189e+00
2.879474341203164034e+00 2.186729418553700288e+00
2.920855688329415223e+00 2.208546981796029485e+00
2.962367128584809883e+00 2.230112703827886733e+00
3.004004353529342808e+00 2.251453097458799846e+00
3.045762935263812476e+00 2.272595241747661365e+00
3.087635769430015387e+00 2.293564394573534670e+00
3.129615472001217924e+00 2.314385373137653801e+00
3.171697256731361936e+00 2.335084990122652471e+00
3.213876466140644261e+00 2.355690500728547576e+00
3.256148449833825786e+00 2.376229445731138590e+00
3.298508568347339409e+00 2.396729568741803984e+00
3.340952196710828659e+00 2.417218731648702601e+00
3.383474727892108458e+00 2.437724828964664692e+00
3.426071576280469433e+00 2.458275701850376915e+00
3.468738181346786131e+00 2.478899052613920517e+00
3.511470011599941987e+00 2.499622360507818719e+00
3.554262568937533562e+00 2.520472799650991025e+00
3.597111393466287943e+00 2.541477159895772608e+00
3.640011464174759404e+00 2.562662756514137552e+00
3.682958722720743872e+00 2.584054874727355511e+00
3.725948893112562832e+00 2.605678652315428057e+00
3.768977728708907904e+00 2.627558624700654377e+00
3.812040997429424483e+00 2.649718705645053962e+00
3.855134534959204551e+00 2.672182066098301334e+00
3.898254251130375270e+00 2.694971096978334035e+00
3.941396136248752846e+00 2.718107379776943500e+00
3.984556267212683078e+00 2.741611665189086278e+00
4.027730813258092013e+00 2.765503859854633095e+00
4.070916041154977627e+00 2.789803021190625287e+00
4.114108319675984227e+00 2.814527360182652149e+00
4.157304123157969045e+00 2.839694251898083444e+00
4.200500033982230264e+00 2.865320253383275340e+00
4.243692743808740175e+00 2.891421128513468997e+00
4.286879053414043739e+00 2.918011879279502008e+00
4.330050302330390011e+00 2.945101658391923838e+00
4.373127975700997538e+00 2.972632499386706595e+00
4.416055955932391974e+00 3.000547402038827194e+00
4.458832451674725306e+00 3.028826222139960223e+00
4.501457305209779491e+00 3.057449480893887017e+00
4.543930730903177562e+00 3.086397555313003860e+00
4.586253270898877688e+00 3.115650725349584871e+00
4.628425748831065611e+00 3.145189220400860020e+00
4.670449653759007447e+00 3.174992693536906607e+00
4.712325783091691811e+00 3.205042005661765447e+00
4.754055510876614044e+00 3.235317509570429628e+00
4.795640318231327193e+00 3.265799658313104370e+00
4.837081707036976042e+00 3.296469096216731565e+00
4.878381192191124427e+00 3.327306647107799442e+00
4.919540247975726643e+00 3.358293363235062223e+00
4.960560269032449732e+00 3.389410555958880966e+00
5.001442534797189587e+00 3.420639823305350991e+00
5.042188177773392788e+00 3.451963074275590682e+00
5.082793798215675452e+00 3.483358132818288766e+00
5.123226256708682591e+00 3.514772200188246210e+00
5.163470160817439591e+00 3.546163332725184247e+00
5.203525529136316052e+00 3.577502383827635857e+00
5.243392061175995877e+00 3.608760706514754002e+00
5.283069043719783586e+00 3.639910086114944487e+00
5.322555353408395362e+00 3.670922743776504404e+00
5.361849464103621621e+00 3.701771339846755104e+00
5.400949468894528316e+00 3.732428964370456015e+00
5.439853091763350967e+00 3.762869146837691581e+00
5.478557713404677010e+00 3.793065853755408057e+00
5.517060402874153446e+00 3.822993484557862587e+00
5.555358754695984835e+00 3.852627636187383686e+00
5.593545393228820828e+00 3.882035265090625131e+00
5.631806122353318678e+00 3.911388989755212542e+00
5.670164813350631938e+00 3.940743896490469300e+00
5.708623285323429997e+00 3.970139102817213494e+00
5.747182346399485553e+00 3.999613404165808905e+00
5.785841798677983761e+00 4.029205233414501208e+00
5.824600450984606326e+00 4.058952615028861288e+00
5.863456588999111041e+00 4.088892482255372940e+00
5.902406703425869594e+00 4.119062453019778580e+00
5.941446788110307686e+00 4.149499002511169543e+00
5.980571978432744906e+00 4.180237976270764655e+00
6.019776607205647778e+00 4.211314530707895187e+00
6.059054269892310884e+00 4.242763074510732757e+00
6.098397899187362192e+00 4.274617212450678494e+00
6.137799848862449004e+00 4.306909693146179663e+00
6.177251986615102552e+00 4.339672362385565307e+00
6.216745794437147588e+00 4.372936124992937046e+00
6.256272477539549293e+00 4.406730914411706834e+00
6.295823082261451376e+00 4.441085669771520195e+00
6.335388309042528476e+00 4.476028009375879968e+00
6.374850903237414990e+00 4.511471546255426013e+00
6.413949579046372307e+00 4.547139325155740153e+00
6.452666533070288146e+00 4.582927560457189742e+00
6.491024416404977515e+00 4.618764600703907597e+00
6.529044436290514675e+00 4.654578480153776177e+00
6.566746461390762235e+00 4.690296838639832266e+00
6.604149097742670449e+00 4.725846866806044488e+00
6.641269735605173530e+00 4.761155273107425145e+00
6.678124567871196682e+00 4.796148269904368711e+00
6.714728580970215077e+00 4.830751576897572619e+00
6.751095519390221789e+00 4.864890441004645183e+00
6.787237467983775474e+00 4.898490134430562470e+00
6.823165981881380127e+00 4.931474449465778065e+00
6.858890606708661686e+00 4.963767519549003637e+00
6.894419274375159112e+00 4.995293253687245638e+00
6.929758161189110588e+00 5.025975453932108650e+00
6.964911533364062990e+00 5.055737961229191058e+00
6.999881585041296539e+00 5.084504834867972001e+00
7.034668275758654943e+00 5.112200571673189309e+00
7.069273221072849722e+00 5.138754090587235979e+00
7.106070988370166042e+00 5.166233976087156066e+00
7.150992697513141927e+00 5.200869589986807817e+00
7.202825908521792719e+00 5.245814547697342789e+00
7.257715152245244994e+00 5.302988519975282422e+00
7.311808687658052364e+00 5.373190979970003944e+00
7.355049842817974692e+00 5.461599712249725513e+00
7.364492801153002866e+00 5.577451279368144554e+00
7.394614226071783314e+00 5.692255942580555228e+00
7.444268195973621438e+00 5.816134558363230234e+00
7.521688726847492568e+00 5.946482716499055243e+00
7.576179823054097540e+00 6.094354690126376539e+00
7.615010101191760583e+00 6.251285682649769804e+00
7.653623609395822314e+00 6.407934897410529906e+00
7.692071091147678175e+00 6.559101709033805960e+00
7.730327789331064459e+00 6.700066157378717691e+00
7.768603612074580944e+00 6.830831913422360735e+00
7.807000816488420369e+00 6.952383456859711153e+00
7.835377140697341147e+00 7.068773969026573845e+00
7.859302501163068833e+00 7.179259584011357553e+00
7.888492322468215079e+00 7.280969424094441145e+00
7.921736862274237012e+00 7.374627001114512304e+00
7.958135697852013024e+00 7.460917264576343300e+00
7.997014162814645388e+00 7.540503187313315259e+00
8.037876139460752967e+00 7.614032259555481019e+00
8.080296895329853513e+00 7.681983735731869878e+00
8.123814983418945701e+00 7.744592945156488106e+00
8.168074835471792028e+00 7.802176527799398187e+00
8.212789793152825979e+00 7.855069265674467616e+00
8.257733035191513693e+00 7.903610483879210946e+00
8.302737995269035665e+00 7.948141235058487908e+00
8.347699011114299239e+00 7.988999965072625997e+00
8.390483850800078969e+00 8.028248072455063777e+00
8.429419401833866843e+00 8.067967146657116118e+00
8.468430471104062107e+00 8.105426231158864070e+00
8.507575810733687405e+00 8.140935656220573691e+00
8.546923562416068876e+00 8.174805785189649399e+00
8.586548809305066143e+00 8.207345679897795065e+00
8.626530501374485738e+00 8.238862164282389600e+00
8.666947956706051670e+00 8.269659336150178675e+00
8.707877149814711615e+00 8.300038496458585158e+00
8.749387026838332915e+00 8.330298337314836488e+00
8.791536008053595808e+00 8.360735226737039838e+00
8.834368837794713158e+00 8.391643374251168908e+00
8.877913917288731582e+00 8.423314681036336182e+00
8.922181249042173690e+00 8.456038131082726395e+00
8.967161124734966293e+00 8.490098661257388102e+00
9.012823689230742730e+00 8.525775548581433938e+00
9.059045336683034577e+00 8.563241855988581008e+00
9.105241295181507155e+00 8.602008519951169774e+00
9.151170075343452837e+00 8.641769561129875044e+00
9.196835400391567106e+00 8.682444205736775444e+00
9.242240050045722910e+00 8.723952908811583029e+00
9.287385015924140674e+00 8.766216133907636987e+00
9.332269790218663985e+00 8.809154152361022838e+00
9.376892535576367038e+00 8.852686969163240605e+00
9.421250283681574800e+00 8.896734224045903972e+00
9.465339091344581846e+00 8.941215129694029429e+00
9.509154168411042107e+00 8.986048428307075397e+00
9.552689978456992748e+00 9.031152362329532224e+00
9.595940313366453367e+00 9.076444656180100878e+00
9.638898342889008930e+00 9.121842506617369395e+00
9.681556640192276575e+00 9.167262580043942677e+00
9.723907184283676841e+00 9.212621015607346919e+00
9.765941339996160764e+00 9.257833433443121152e+00
9.807649816024952116e+00 9.302814947857848793e+00
9.849022601271537170e+00 9.347480185694863053e+00
9.890048879506787571e+00 9.391743310598908323e+00
9.930716922110594425e+00 9.435518054425275025e+00
9.971013958394536303e+00 9.478717757662721510e+00
1.001092602278242261e+01 9.521255421495578020e+00
1.005043777793854431e+01 9.563043775065674268e+00
1.008953231283886964e+01 9.603995362664928592e+00
1.012819091483842193e+01 9.644022657056611436e+00
1.016639281509795723e+01 9.683038206964683425e+00
1.020411558294518883e+01 9.720954168010779384e+00
1.024133282711167325e+01 9.757684466842377446e+00
