0.000000000000000000e+00 0.000000000000000000e+00
1.821493624772313469e-02 1.885431326725203055e-02
3.642987249544626938e-02 3.769400304993372058e-02
5.464480874316940406e-02 5.651906934804505622e-02
7.285974499089253875e-02 7.532951216158603747e-02
9.107468123861567344e-02 9.412533149055672677e-02
1.092896174863388081e-01 1.129065273349569853e-01
1.275045537340619428e-01 1.316730996947869659e-01
1.457194899817850775e-01 1.504250485700465712e-01
1.639344262295082122e-01 1.691623739607358845e-01
1.821493624772313469e-01 1.878850758668548226e-01
2.003642987249544816e-01 2.065931542884033856e-01
2.185792349726776163e-01 2.252866092253816011e-01
2.367941712204007509e-01 2.439654406777895246e-01
2.550091074681238856e-01 2.626296486456270451e-01
2.732240437158470203e-01 2.812792331288942460e-01
2.914389799635701550e-01 2.999141941275911272e-01
3.096539162112932897e-01 3.185345316417176331e-01
3.278688524590164244e-01 3.371402456712737639e-01
3.460837887067395591e-01 3.557313362162596304e-01
3.642987249544626938e-01 3.743078032766751218e-01
3.825136612021858284e-01 3.928696468525202934e-01
4.007285974499089631e-01 4.114168669437950343e-01
4.189435336976320978e-01 4.299494635504994555e-01
4.371584699453552325e-01 4.484674366726335570e-01
4.553734061930783672e-01 4.669707863101973944e-01
4.735883424408015019e-01 4.854595124631908565e-01
4.918032786885246366e-01 5.039336151316138324e-01
5.100182149362477713e-01 5.223930943154666551e-01
5.282331511839708504e-01 5.408379500147489916e-01
5.464480874316940406e-01 5.592681822294609528e-01
5.646630236794172308e-01 5.776837909596027609e-01
5.828779599271403100e-01 5.960847762051739718e-01
6.010928961748633892e-01 6.144711379661750295e-01
6.193078324225865794e-01 6.328428762426057119e-01
6.375227686703097696e-01 6.511999910344660192e-01
6.557377049180328488e-01 6.695424823417559512e-01
6.739526411657559279e-01 6.878703501644755081e-01
6.921675774134791181e-01 7.061835945026248007e-01
7.103825136612023083e-01 7.244822153562038292e-01
7.285974499089253875e-01 7.427662127252124824e-01
7.468123861566484667e-01 7.610355866096505384e-01
7.650273224043716569e-01 7.792903370095185522e-01
7.832422586520948471e-01 7.975304639248159688e-01
8.014571948998179263e-01 8.157559673555432322e-01
8.196721311475410054e-01 8.339668473017001205e-01
8.378870673952641956e-01 8.521631037632866335e-01
8.561020036429873858e-01 8.703447367403028823e-01
8.743169398907104650e-01 8.885117462327487559e-01
8.925318761384335442e-01 9.066641322406241432e-01
9.107468123861567344e-01 9.248018947639293774e-01
9.289617486338799246e-01 9.429250338026642364e-01
9.471766848816030038e-01 9.610335493568284981e-01
9.653916211293260830e-01 9.791274414264226067e-01
9.836065573770492731e-01 9.972067100114463400e-01
1.001821493624772463e+00 1.015271355111899920e+00
1.020036429872495543e+00 1.033321376727782903e+00
1.038251366120218622e+00 1.051356774859095511e+00
1.056466302367941701e+00 1.069377549505837965e+00
1.074681238615665002e+00 1.087383700668010267e+00
1.092896174863388081e+00 1.105375228345611749e+00
1.111111111111111160e+00 1.123352132538643300e+00
1.129326047358834462e+00 1.141314413247104476e+00
1.147540983606557541e+00 1.159262070470994832e+00
1.165755919854280620e+00 1.177195104210315035e+00
1.183970856102003699e+00 1.195113514465065307e+00
1.202185792349726778e+00 1.213017301191651187e+00
1.220400728597450080e+00 1.230860686295925044e+00
1.238615664845173159e+00 1.248598070068719368e+00
1.256830601092896238e+00 1.266229452510033715e+00
1.275045537340619539e+00 1.283754833619868974e+00
1.293260473588342618e+00 1.301174213398224477e+00
1.311475409836065698e+00 1.318487591845100226e+00
1.329690346083788777e+00 1.335694968960496443e+00
1.347905282331511856e+00 1.352796344744413348e+00
1.366120218579235157e+00 1.369791719196850721e+00
1.384335154826958236e+00 1.386681092317808117e+00
1.402550091074681315e+00 1.403464464107285981e+00
1.420765027322404617e+00 1.420141834565284533e+00
1.438979963570127696e+00 1.436713203691803553e+00
1.457194899817850775e+00 1.453178571486842818e+00
1.475409836065573854e+00 1.469537937950402329e+00
1.493624772313296933e+00 1.485791303082482528e+00
1.511839708561020235e+00 1.501938666883083418e+00
1.530054644808743314e+00 1.517980029352203886e+00
1.548269581056466393e+00 1.533915390489845265e+00
1.566484517304189694e+00 1.549744750296007112e+00
1.584699453551912773e+00 1.565468108770689204e+00
1.602914389799635853e+00 1.581085465913892207e+00
1.621129326047358932e+00 1.596596821725615012e+00
1.639344262295082011e+00 1.612002176205858284e+00
1.657559198542805312e+00 1.627301529354622467e+00
1.675774134790528391e+00 1.642494881171907117e+00
1.693989071038251470e+00 1.657582231657711347e+00
1.712204007285974772e+00 1.672563580812036932e+00
1.730418943533697851e+00 1.687438928634882096e+00
1.748633879781420930e+00 1.702208275126248171e+00
1.766848816029144009e+00 1.716871620286134270e+00
1.785063752276867088e+00 1.731428964114541280e+00
1.803278688524590390e+00 1.745880306611468757e+00
1.821493624772313469e+00 1.760225647776916258e+00
1.839708561020036548e+00 1.774464987610884670e+00
1.857923497267759849e+00 1.788598326113373105e+00
1.876138433515482928e+00 1.802625663284382007e+00
1.894353369763206008e+00 1.816546999123911377e+00
1.912568306010929087e+00 1.830365716803926235e+00
1.930783242258652166e+00 1.844102748578887452e+00
1.948998178506375467e+00 1.857761690867256732e+00
1.967213114754098546e+00 1.871342543669032299e+00
1.985428051001821625e+00 1.884845306984214597e+00
2.003642987249544927e+00 1.898269980812804736e+00
2.021857923497267784e+00 1.911616565154800940e+00
2.040072859744991085e+00 1.924885060010204763e+00
2.058287795992714386e+00 1.938075465379015094e+00
2.076502732240437243e+00 1.951187781261232601e+00
2.094717668488160545e+00 1.964222007656857061e+00
2.112932604735883402e+00 1.977178144565888029e+00
2.131147540983606703e+00 1.990056191988326173e+00
2.149362477231330004e+00 2.002856149924171714e+00
2.167577413479052861e+00 2.015578018373423763e+00
2.185792349726776163e+00 2.028221797336082766e+00
2.204007285974499464e+00 2.040787486812149165e+00
2.222222222222222321e+00 2.053275086801622074e+00
2.240437158469945622e+00 2.065684597304501935e+00
2.258652094717668923e+00 2.078016018320789193e+00
2.276867030965391780e+00 2.090269349850482516e+00
2.295081967213115082e+00 2.102444591893583681e+00
2.313296903460837939e+00 2.114541744450090910e+00
2.331511839708561240e+00 2.126560807520005980e+00
2.349726775956284541e+00 2.138501781103328003e+00
2.367941712204007398e+00 2.150364665200056535e+00
2.386156648451730700e+00 2.162149459810192020e+00
2.404371584699453557e+00 2.173856164933734458e+00
2.422586520947176858e+00 2.185484780570684293e+00
2.440801457194900159e+00 2.197035306721040637e+00
2.459016393442623016e+00 2.208507743384803490e+00
2.477231329690346318e+00 2.219902090561974184e+00
2.495446265938069619e+00 2.231218348252551387e+00
2.513661202185792476e+00 2.242456516456535986e+00
2.531876138433515777e+00 2.253616595173927095e+00
2.550091074681239078e+00 2.264698584404725157e+00
2.568306010928961935e+00 2.275702484148929727e+00
2.586520947176685237e+00 2.286628294406542139e+00
2.604735883424408094e+00 2.297476015177561059e+00
2.622950819672131395e+00 2.308245646461986933e+00
2.641165755919854696e+00 2.318937188259820203e+00
2.659380692167577553e+00 2.329550640571059539e+00
2.677595628415300855e+00 2.340086003395706715e+00
2.695810564663023712e+00 2.350543276733760401e+00
2.714025500910747013e+00 2.360922460585221039e+00
2.732240437158470314e+00 2.371223554950088630e+00
2.750455373406193171e+00 2.381446559828362730e+00
2.768670309653916473e+00 2.391591475220044671e+00
2.786885245901639774e+00 2.401658301125133121e+00
2.805100182149362631e+00 2.411647037543628969e+00
2.823315118397085932e+00 2.421557684475531769e+00
2.841530054644809233e+00 2.431390241920840634e+00
2.859744990892532090e+00 2.441167372120362167e+00
2.877959927140255392e+00 2.450915231735947497e+00
2.896174863387978249e+00 2.460633853810282545e+00
2.914389799635701550e+00 2.470323238343365979e+00
2.932604735883424851e+00 2.479983385335198243e+00
2.950819672131147708e+00 2.489614294785779336e+00
2.969034608378871010e+00 2.499215966695108371e+00
2.987249544626593867e+00 2.508788401063186235e+00
3.005464480874317168e+00 2.518331597890012929e+00
3.023679417122040469e+00 2.527845557175588009e+00
3.041894353369763326e+00 2.537330278919912363e+00
3.060109289617486628e+00 2.546785763122984658e+00
3.078324225865209929e+00 2.556212009784805783e+00
3.096539162112932786e+00 2.565609018905375738e+00
3.114754098360656087e+00 2.574976790484694522e+00
3.132969034608379388e+00 2.584315324522761692e+00
3.151183970856102246e+00 2.593624621019577248e+00
3.169398907103825547e+00 2.602904679975142077e+00
3.187613843351548404e+00 2.612155501389454848e+00
3.205828779599271705e+00 2.621377085262516893e+00
3.224043715846995006e+00 2.630569431594326435e+00
3.242258652094717863e+00 2.639732540384885695e+00
3.260473588342441165e+00 2.648866411634193785e+00
3.278688524590164022e+00 2.657971045342250260e+00
3.296903460837887323e+00 2.667046441509054677e+00
3.315118397085610624e+00 2.676092600134608368e+00
3.333333333333333481e+00 2.685109521218910444e+00
3.351548269581056783e+00 2.694097204761961351e+00
3.369763205828780084e+00 2.703055650763761086e+00
3.387978142076502941e+00 2.711984859224309208e+00
3.406193078324226242e+00 2.720884830143606159e+00
3.424408014571949543e+00 2.729755563521651496e+00
3.442622950819672401e+00 2.738597059358445662e+00
3.460837887067395702e+00 2.747409317653987770e+00
3.479052823315118559e+00 2.756192338408280040e+00
3.497267759562841860e+00 2.764946121621319808e+00
3.515482695810565161e+00 2.773670667293108849e+00
3.533697632058288018e+00 2.782365975423645388e+00
3.551912568306011320e+00 2.791032046012931644e+00
3.570127504553734177e+00 2.799668879060966287e+00
3.588342440801457478e+00 2.808276474567749759e+00
3.606557377049180779e+00 2.816854832533281172e+00
3.624772313296903636e+00 2.825403952957562304e+00
3.642987249544626938e+00 2.833923835840590932e+00
3.661202185792350239e+00 2.842414481182368835e+00
3.679417122040073096e+00 2.850875888982895567e+00
3.697632058287796397e+00 2.859547761116284725e+00
3.715846994535519698e+00 2.868809533310880511e+00
3.734061930783242556e+00 2.878665956370169976e+00
3.752276867030965857e+00 2.889117030294151789e+00
3.770491803278688714e+00 2.900162755082827282e+00
3.788706739526412015e+00 2.911803130736196898e+00
3.806921675774135316e+00 2.924038157254259751e+00
3.825136612021858173e+00 2.936867834637015395e+00
3.843351548269581475e+00 2.950292162884464275e+00
3.861566484517304332e+00 2.964311141996606391e+00
3.879781420765027633e+00 2.978924771973442631e+00
3.897996357012750934e+00 2.994133052814971663e+00
3.916211293260473791e+00 3.009935984521193930e+00
3.934426229508197093e+00 3.026333567092110766e+00
3.952641165755920394e+00 3.043325800527719505e+00
3.970856102003643251e+00 3.060912684828021924e+00
3.989071038251366552e+00 3.079094219993017134e+00
4.007285974499089853e+00 3.097870406022706913e+00
4.025500910746813155e+00 3.117241242917089927e+00
4.043715846994535568e+00 3.137206730676165289e+00
4.061930783242258869e+00 3.157766869299933887e+00
4.080145719489982170e+00 3.178921658788397053e+00
4.098360655737705471e+00 3.200671099141552567e+00
4.116575591985428773e+00 3.223015190359402649e+00
4.134790528233151186e+00 3.245953932441944190e+00
4.153005464480874487e+00 3.269487325389179855e+00
4.171220400728597788e+00 3.293615369201110088e+00
4.189435336976321089e+00 3.318338063877731781e+00
4.207650273224044390e+00 3.343655409419048485e+00
4.225865209471766804e+00 3.369567405825057094e+00
4.244080145719490105e+00 3.396074053095759382e+00
4.262295081967213406e+00 3.423175351231156238e+00
4.280510018214936707e+00 3.450871300231245442e+00
4.298724954462660008e+00 3.479161900096028326e+00
4.316939890710383310e+00 3.508047150825504445e+00
4.335154826958105723e+00 3.537527052419672469e+00
4.353369763205829024e+00 3.567601604878535504e+00
4.371584699453552325e+00 3.598270808202091331e+00
4.389799635701275626e+00 3.629534662390341282e+00
4.408014571948998928e+00 3.661393167443284025e+00
4.426229508196721341e+00 3.693846323360918671e+00
4.444444444444444642e+00 3.726894130143248773e+00
4.462659380692167943e+00 3.760536587790271223e+00
4.480874316939891244e+00 3.794773696301987354e+00
4.499089253187614545e+00 3.829605455678396719e+00
4.517304189435337847e+00 3.865031865919499765e+00
4.535519125683060260e+00 3.901052927025294270e+00
4.553734061930783561e+00 3.937668638995784232e+00
4.571948998178506862e+00 3.974879001830967873e+00
4.590163934426230163e+00 4.012668823505349813e+00
4.608378870673953465e+00 4.050628939484912650e+00
4.626593806921675878e+00 4.088576308943097537e+00
4.644808743169399179e+00 4.126510931879907140e+00
4.663023679417122480e+00 4.164432808295341459e+00
4.681238615664845781e+00 4.202341938189397830e+00
4.699453551912569083e+00 4.240238321562076251e+00
4.717668488160291496e+00 4.278121958413377612e+00
4.735883424408014797e+00 4.315992848743304577e+00
4.754098360655738098e+00 4.353850992551853594e+00
4.772313296903461399e+00 4.391696389839025549e+00
4.790528233151184700e+00 4.429529040604821333e+00
4.808743169398907114e+00 4.467348944849237391e+00
4.826958105646630415e+00 4.505156102572279941e+00
4.845173041894353716e+00 4.542950513773945431e+00
4.863387978142077017e+00 4.580732178454233861e+00
4.881602914389800318e+00 4.618501096613145229e+00
4.899817850637523620e+00 4.656257268250679537e+00
4.918032786885246033e+00 4.694000693366836785e+00
4.936247723132969334e+00 4.731731371961617860e+00
4.954462659380692635e+00 4.769449304035020987e+00
4.972677595628415936e+00 4.807154489587048829e+00
4.990892531876139238e+00 4.844846928617699611e+00
5.009107468123861651e+00 4.882526621126971555e+00
5.027322404371584952e+00 4.920193567114868216e+00
5.045537340619308253e+00 4.957847766581389592e+00
5.063752276867031554e+00 4.995489219526532132e+00
5.081967213114754855e+00 5.033117925950298499e+00
5.100182149362478157e+00 5.070733885852689582e+00
5.118397085610200570e+00 5.108337099233700052e+00
5.136612021857923871e+00 5.145927566093337013e+00
5.154826958105647172e+00 5.183505286431596915e+00
5.173041894353370473e+00 5.221070260248478867e+00
5.191256830601093775e+00 5.258622487543985535e+00
5.209471766848816188e+00 5.296161968318112478e+00
5.227686703096539489e+00 5.333688702570865026e+00
5.245901639344262790e+00 5.371202690302239624e+00
5.264116575591986091e+00 5.408703931512238938e+00
5.282331511839709393e+00 5.446192426200861192e+00
5.300546448087431806e+00 5.483668174368103720e+00
5.318761384335155107e+00 5.521131176013972741e+00
5.336976320582878408e+00 5.558581431138463813e+00
5.355191256830601709e+00 5.596018939741579601e+00
5.373406193078325011e+00 5.633443701823317440e+00
5.391621129326047424e+00 5.670855717383675554e+00
5.409836065573770725e+00 5.708254986422661048e+00
5.428051001821494026e+00 5.745641508940268594e+00
5.446265938069217327e+00 5.783015284936498190e+00
5.464480874316940628e+00 5.820376314411352503e+00
5.482695810564663930e+00 5.857724597364829755e+00
5.500910746812386343e+00 5.895060133796928170e+00
5.519125683060109644e+00 5.932382923707653077e+00
5.537340619307832945e+00 5.969692806610479963e+00
5.555555555555556246e+00 6.006586680305097126e+00
5.573770491803279548e+00 6.042692511044703174e+00
5.591985428051001961e+00 6.078010298829299884e+00
5.610200364298725262e+00 6.112540043658884592e+00
5.628415300546448563e+00 6.146281745533461738e+00
5.646630236794171864e+00 6.179235404453025993e+00
5.664845173041895166e+00 6.211401020417579133e+00
5.683060109289618467e+00 6.242778593427122935e+00
5.701275045537340880e+00 6.273368123481654735e+00
5.719489981785064181e+00 6.303169610581176308e+00
5.737704918032787482e+00 6.332183054725687654e+00
5.755919854280510783e+00 6.360408455915188775e+00
5.774134790528234085e+00 6.387845814149679669e+00
5.792349726775956498e+00 6.414495129429157672e+00
5.810564663023679799e+00 6.440356401753626336e+00
5.828779599271403100e+00 6.465429631123086551e+00
5.846994535519126401e+00 6.489714817537533875e+00
5.865209471766849703e+00 6.513211960996972749e+00
5.883424408014572116e+00 6.535921061501396068e+00
5.901639344262295417e+00 6.557842119050812713e+00
5.919854280510018718e+00 6.578975133645217355e+00
5.938069216757742019e+00 6.599320105284612659e+00
5.956284153005465321e+00 6.618877033968997736e+00
5.974499089253187734e+00 6.637614736368117718e+00
5.992714025500911035e+00 6.655497101071079946e+00
6.010928961748634336e+00 6.672524080340533459e+00
6.029143897996357637e+00 6.688695674176480033e+00
6.047358834244080938e+00 6.704011882578920556e+00
6.065573770491804240e+00 6.718472705547853252e+00
6.083788706739526653e+00 6.732078143083277233e+00
6.102003642987249954e+00 6.744828195185197828e+00
6.120218579234973255e+00 6.756722861853608819e+00
6.138433515482696556e+00 6.767762143088512872e+00
6.156648451730419858e+00 6.777946038889910874e+00
6.174863387978142271e+00 6.787274549257801937e+00
6.193078324225865572e+00 6.795747674192184284e+00
6.211293260473588873e+00 6.803365413693060582e+00
6.229508196721312174e+00 6.810127767760431716e+00
6.247723132969035476e+00 6.816034736394294136e+00
6.265938069216758777e+00 6.821086319594647840e+00
6.284153005464481190e+00 6.825282517361497270e+00
6.302367941712204491e+00 6.828623329694837096e+00
6.320582877959927792e+00 6.831108756594672649e+00
6.338797814207651093e+00 6.832738798060999486e+00
6.357012750455374395e+00 6.833513454093818495e+00
6.375227686703096808e+00 6.833533205383009346e+00
6.393442622950820109e+00 6.833766857884040036e+00
6.411657559198543410e+00 6.834457538517242803e+00
6.429872495446266711e+00 6.835605247282617647e+00
6.448087431693990013e+00 6.837209984180164568e+00
6.466302367941712426e+00 6.839271749209881790e+00
6.484517304189435727e+00 6.841790542371771089e+00
6.502732240437159028e+00 6.844766363665833353e+00
6.520947176684882329e+00 6.848199213092065918e+00
6.539162112932605631e+00 6.852089090650471448e+00
6.557377049180328044e+00 6.856435996341048167e+00
6.575591985428051345e+00 6.861239930163796963e+00
6.593806921675774646e+00 6.866500892118715171e+00
6.612021857923497947e+00 6.872218882205808121e+00
6.630236794171221248e+00 6.878393900425072260e+00
6.648451730418944550e+00 6.885025946776506700e+00
6.666666666666666963e+00 6.892115021260114105e+00
6.684881602914390264e+00 6.899661123875892699e+00
6.703096539162113565e+00 6.907664254623844258e+00
6.721311475409836866e+00 6.916124413503965229e+00
6.739526411657560168e+00 6.925041600516259166e+00
6.757741347905282581e+00 6.934415815660726068e+00
6.775956284153005882e+00 6.944247058937364159e+00
6.794171220400729183e+00 6.954535330346171662e+00
6.812386156648452484e+00 6.965280629887153019e+00
6.830601092896175786e+00 6.976482957560305564e+00
6.848816029143899087e+00 6.988142313365630187e+00
6.867030965391621500e+00 7.000251437359873208e+00
6.885245901639344801e+00 7.012659299793648771e+00
6.903460837887068102e+00 7.025305731955006294e+00
6.921675774134791403e+00 7.038190733843948443e+00
6.939890710382514705e+00 7.051314305460474330e+00
6.958105646630237118e+00 7.064676446804583065e+00
6.976320582877960419e+00 7.078277157876275538e+00
6.994535519125683720e+00 7.092116438675551748e+00
7.012750455373407021e+00 7.106194289202411696e+00
7.030965391621130323e+00 7.120510709456856269e+00
7.049180327868852736e+00 7.135065699438881914e+00
7.067395264116576037e+00 7.149859259148492185e+00
7.085610200364299338e+00 7.164891388585687970e+00
7.103825136612022639e+00 7.180162087750467492e+00
7.122040072859745941e+00 7.195671356642827199e+00
7.140255009107468354e+00 7.211419195262772419e+00
7.158469945355191655e+00 7.227405603610301377e+00
7.176684881602914956e+00 7.243630581685414072e+00
7.194899817850638257e+00 7.260094129488110504e+00
7.213114754098361558e+00 7.276796247018390673e+00
7.231329690346084860e+00 7.293736934276255468e+00
7.249544626593807273e+00 7.310916191261702224e+00
7.267759562841530574e+00 7.328334017974730941e+00
7.285974499089253875e+00 7.345990414415346947e+00
7.304189435336977176e+00 7.363885380583544915e+00
7.322404371584700478e+00 7.382018916479328396e+00
7.340619307832422891e+00 7.400391022102691174e+00
7.358834244080146192e+00 7.419001697453640354e+00
7.377049180327869493e+00 7.437850942532174159e+00
7.395264116575592794e+00 7.456938757338289037e+00
7.413479052823316096e+00 7.476221506042840304e+00
7.431693989071039397e+00 7.495494161628569074e+00
7.449908925318761810e+00 7.514730540080086563e+00
7.468123861566485111e+00 7.533930641397393657e+00
7.486338797814208412e+00 7.553094465580490358e+00
7.504553734061931713e+00 7.572222012629376664e+00
7.522768670309655015e+00 7.591313282544049024e+00
7.540983606557377428e+00 7.610368275324512766e+00
7.559198542805100729e+00 7.629386990970765225e+00
7.577413479052824030e+00 7.648369429482806403e+00
7.595628415300547331e+00 7.667315590860637187e+00
7.613843351548270633e+00 7.686225475104254912e+00
7.632058287795993046e+00 7.705099082213664907e+00
7.650273224043716347e+00 7.723936412188860956e+00
7.668488160291439648e+00 7.742737465029848387e+00
7.686703096539162949e+00 7.761502240736624536e+00
7.704918032786886251e+00 7.780230739309190291e+00
7.723132969034608664e+00 7.798922960747542099e+00
7.741347905282331965e+00 7.817578905051685290e+00
7.759562841530055266e+00 7.836198572221617198e+00
7.777777777777778567e+00 7.854781962257338712e+00
7.795992714025501868e+00 7.873329075158848944e+00
7.814207650273225170e+00 7.891839910926147894e+00
7.832422586520947583e+00 7.910314469559236450e+00
7.850637522768670884e+00 7.928752751058111947e+00
7.868852459016394185e+00 7.947154755422778827e+00
7.887067395264117486e+00 7.965520482653234424e+00
7.905282331511840788e+00 7.983849932749478739e+00
7.923497267759563201e+00 8.002143105711510884e+00
7.941712204007286502e+00 8.020400001539332635e+00
7.959927140255009803e+00 8.038620620232943992e+00
7.978142076502733104e+00 8.056804961792344955e+00
7.996357012750456406e+00 8.074953026217535523e+00
8.014571948998179707e+00 8.093064813508513922e+00
8.032786885245903008e+00 8.111140323665280150e+00
8.051001821493626309e+00 8.129179556687837760e+00
8.069216757741347834e+00 8.147182512576183200e+00
8.087431693989071135e+00 8.165149191330316469e+00
8.105646630236794437e+00 8.183079592950241121e+00
8.123861566484517738e+00 8.200973717435955379e+00
8.142076502732241039e+00 8.218831564787457467e+00
8.160291438979964340e+00 8.236653135004747384e+00
8.178506375227687641e+00 8.254438428087826907e+00
8.196721311475410943e+00 8.272187444036697812e+00
8.214936247723134244e+00 8.289900182851354771e+00
8.233151183970857545e+00 8.307578368774098720e+00
8.251366120218580846e+00 8.325236942228832149e+00
8.269581056466302371e+00 8.342879357463127477e+00
8.287795992714025672e+00 8.360505614476986480e+00
8.306010928961748974e+00 8.378115713270409159e+00
8.324225865209472275e+00 8.395709653843393738e+00
8.342440801457195576e+00 8.413287436195943769e+00
8.360655737704918877e+00 8.430849060328057476e+00
8.378870673952642179e+00 8.448394526239733082e+00
8.397085610200365480e+00 8.465923833930972364e+00
8.415300546448088781e+00 8.483436983401773546e+00
8.433515482695812082e+00 8.500933974652136627e+00
8.451730418943533607e+00 8.518414807682065160e+00
8.469945355191256908e+00 8.535879482491555592e+00
8.488160291438980209e+00 8.553327999080607924e+00
8.506375227686703511e+00 8.570760357449227484e+00
8.524590163934426812e+00 8.588176557597407168e+00
8.542805100182150113e+00 8.605576599525150527e+00
8.561020036429873414e+00 8.622960483232455786e+00
8.579234972677596716e+00 8.640328208719326497e+00
8.597449908925320017e+00 8.657679775985759107e+00
8.615664845173043318e+00 8.675015185031753617e+00
8.633879781420766619e+00 8.692334435857313579e+00
8.652094717668488144e+00 8.709637528462435441e+00
8.670309653916211445e+00 8.726924462847119202e+00
8.688524590163934747e+00 8.744195239011368415e+00
8.706739526411658048e+00 8.761449856955177751e+00
8.724954462659381349e+00 8.778688316678552539e+00
8.743169398907104650e+00 8.795910618181491003e+00
8.761384335154827951e+00 8.813116761463991367e+00
8.779599271402551253e+00 8.830306746526053630e+00
8.797814207650274554e+00 8.847480573367681345e+00
8.816029143897997855e+00 8.864638241988870959e+00
8.834244080145721156e+00 8.881779752389622473e+00
8.852459016393442681e+00 8.898905104569937663e+00
8.870673952641165982e+00 8.916014298529816529e+00
8.888888888888889284e+00 8.933109069249384859e+00
8.907103825136612585e+00 8.950210551706964779e+00
8.925318761384335886e+00 8.967324985257901560e+00
8.943533697632059187e+00 8.984452369902191649e+00
8.961748633879782489e+00 9.001592705639833270e+00
8.979963570127505790e+00 9.018745992470831752e+00
8.998178506375229091e+00 9.035912230395181766e+00
9.016393442622952392e+00 9.053091419412886864e+00
9.034608378870675693e+00 9.070283559523948824e+00
9.052823315118397218e+00 9.087488650728358763e+00
9.071038251366120519e+00 9.104706693026127340e+00
9.089253187613843821e+00 9.121937686417249225e+00
9.107468123861567122e+00 9.139181630901726194e+00
9.125683060109290423e+00 9.156438526479558249e+00
9.143897996357013724e+00 9.173708373150743611e+00
9.162112932604737026e+00 9.190991170915282282e+00
9.180327868852460327e+00 9.208286919773176038e+00
9.198542805100183628e+00 9.225595619724424878e+00
9.216757741347906929e+00 9.242917270769027027e+00
9.234972677595628454e+00 9.260251872906980708e+00
9.253187613843351755e+00 9.277599426138291250e+00
9.271402550091075057e+00 9.294959930462956876e+00
9.289617486338798358e+00 9.312333385880977588e+00
9.307832422586521659e+00 9.329719792392348054e+00
9.326047358834244960e+00 9.347119149997075382e+00
9.344262295081968261e+00 9.364531458695157795e+00
9.362477231329691563e+00 9.381956718486593516e+00
9.380692167577414864e+00 9.399394929371384322e+00
9.398907103825138165e+00 9.416846091349528436e+00
9.417122040072861466e+00 9.434310204421025858e+00
9.435336976320582991e+00 9.451787268585878365e+00
9.453551912568306292e+00 9.469277283844085957e+00
9.471766848816029594e+00 9.486780250195646857e+00
9.489981785063752895e+00 9.504296167640561066e+00
9.508196721311476196e+00 9.521825036178830359e+00
9.526411657559199497e+00 9.539366855810454737e+00
9.544626593806922799e+00 9.556921626535432424e+00
9.562841530054646100e+00 9.574489348353765195e+00
9.581056466302369401e+00 9.592070021265451274e+00
9.599271402550092702e+00 9.609663645270492438e+00
9.617486338797814227e+00 9.627270220368885134e+00
9.635701275045537528e+00 9.644889746560634691e+00
9.653916211293260830e+00 9.662522223845737557e+00
9.672131147540984131e+00 9.680167652224195507e+00
9.690346083788707432e+00 9.697826031696006766e+00
9.708561020036430733e+00 9.715497362261171332e+00
9.726775956284154034e+00 9.733181643919692760e+00
9.744990892531877336e+00 9.750878876671567497e+00
9.763205828779600637e+00 9.768589060516795541e+00
9.781420765027323938e+00 9.786312195455380447e+00
9.799635701275047239e+00 9.804048281487316885e+00
9.817850637522768764e+00 9.821797318612606631e+00
9.836065573770492065e+00 9.839559306831251462e+00
9.854280510018215367e+00 9.857334246143251377e+00
9.872495446265938668e+00 9.875122136548606377e+00
9.890710382513661969e+00 9.892922978047312910e+00
9.908925318761385270e+00 9.910736770639376303e+00
9.927140255009108571e+00 9.928563514324791228e+00
9.945355191256831873e+00 9.946403209103563015e+00
9.963570127504555174e+00 9.964255854975688109e+00
9.981785063752278475e+00 9.982121451941166512e+00
1.000000000000000000e+01 1.000000000000000000e+01
