0.000000000000000000e+00 0.000000000000000000e+00
1.821493624772313469e-02 1.844352653839786971e-02
3.642987249544626938e-02 3.683984919171858635e-02
5.464480874316940406e-02 5.518896795996212912e-02
7.285974499089253875e-02 7.349088284312851882e-02
9.107468123861567344e-02 9.174559384121774852e-02
1.092896174863388081e-01 1.099531009542298321e-01
1.275045537340619428e-01 1.281134041821647140e-01
1.457194899817850775e-01 1.462265035250224776e-01
1.639344262295082122e-01 1.642923989828030951e-01
1.821493624772313469e-01 1.823110905555064831e-01
2.003642987249544816e-01 2.002825782431327251e-01
2.185792349726776163e-01 2.182068620456818486e-01
2.367941712204007509e-01 2.360839419631537983e-01
2.550091074681238856e-01 2.539138179955485741e-01
2.732240437158470203e-01 2.716964901428661761e-01
2.914389799635701550e-01 2.894319584051066596e-01
3.096539162112932897e-01 3.071202227822699693e-01
3.278688524590164244e-01 3.247612832743561051e-01
3.460837887067395591e-01 3.423551398813650115e-01
3.642987249544626938e-01 3.599017926032969106e-01
3.825136612021858284e-01 3.774012414401515247e-01
4.007285974499089631e-01 3.948534863919290205e-01
4.189435336976320978e-01 4.122585274586292869e-01
4.371584699453552325e-01 4.296163646402525460e-01
4.553734061930783672e-01 4.469269979367985202e-01
4.735883424408015019e-01 4.641904273482673204e-01
4.918032786885246366e-01 4.814066528746590024e-01
5.100182149362477713e-01 4.985756745159736214e-01
5.282331511839708504e-01 5.156974922722109556e-01
5.464480874316940406e-01 5.327721061433712268e-01
5.646630236794172308e-01 5.497995161294543243e-01
5.828779599271403100e-01 5.667797222304601368e-01
6.010928961748633892e-01 5.837127244463886644e-01
6.193078324225865794e-01 6.005985227772403512e-01
6.375227686703097696e-01 6.174371172230148641e-01
6.557377049180328488e-01 6.342285077837119811e-01
6.739526411657559279e-01 6.509726944593321463e-01
6.921675774134791181e-01 6.676696772498751375e-01
7.103825136612023083e-01 6.843194561553409550e-01
7.285974499089253875e-01 7.009220311757293764e-01
7.468123861566484667e-01 7.174774023110407351e-01
7.650273224043716569e-01 7.339855695612750308e-01
7.832422586520948471e-01 7.504465329264322637e-01
8.014571948998179263e-01 7.668602924065122117e-01
8.196721311475410054e-01 7.832268480015147638e-01
8.378870673952641956e-01 7.995461997114404751e-01
8.561020036429873858e-01 8.158183475362892345e-01
8.743169398907104650e-01 8.320432914760603760e-01
8.925318761384335442e-01 8.482210315307543436e-01
9.107468123861567344e-01 8.643515677003714703e-01
9.289617486338799246e-01 8.804348999849113122e-01
9.471766848816030038e-01 8.964710283843739802e-01
9.653916211293260830e-01 9.124599528987593633e-01
9.836065573770492731e-01 9.284016735280677945e-01
1.001821493624772463e+00 9.442961902722990519e-01
1.020036429872495543e+00 9.601435031314530244e-01
1.038251366120218622e+00 9.759436121055298230e-01
1.056466302367941701e+00 9.916965171945296698e-01
1.074681238615665002e+00 1.007402218398452121e+00
1.092896174863388081e+00 1.023060715717297731e+00
1.111111111111111160e+00 1.038672009151065501e+00
1.129326047358834462e+00 1.054247748588350575e+00
1.147540983606557541e+00 1.069872377748166903e+00
1.165755919854280620e+00 1.085562709429899630e+00
1.183970856102003699e+00 1.101318743633547204e+00
1.202185792349726778e+00 1.117140480359110954e+00
1.220400728597450080e+00 1.133027919606590439e+00
1.238615664845173159e+00 1.148981061375985213e+00
1.256830601092896238e+00 1.164999905667295499e+00
1.275045537340619539e+00 1.181084452480521518e+00
1.293260473588342618e+00 1.197234701815663271e+00
1.311475409836065698e+00 1.213450653672719870e+00
1.329690346083788777e+00 1.229732308051692646e+00
1.347905282331511856e+00 1.246079664952580712e+00
1.366120218579235157e+00 1.262492724375384512e+00
1.384335154826958236e+00 1.278971486320104267e+00
1.402550091074681315e+00 1.295515950786739090e+00
1.420765027322404617e+00 1.312126117775290091e+00
1.438979963570127696e+00 1.328801987285755937e+00
1.457194899817850775e+00 1.345543559318137739e+00
1.475409836065573854e+00 1.362350833872435052e+00
1.493624772313296933e+00 1.379223810948647877e+00
1.511839708561020235e+00 1.396162490546776214e+00
1.530054644808743314e+00 1.413166872666820728e+00
1.548269581056466393e+00 1.430236957308780088e+00
1.566484517304189694e+00 1.447372744472655404e+00
1.584699453551912773e+00 1.464574234158446231e+00
1.602914389799635853e+00 1.481841426366152792e+00
1.621129326047358932e+00 1.499174321095774864e+00
1.639344262295082011e+00 1.516572918347312227e+00
1.657559198542805312e+00 1.534037218120765322e+00
1.675774134790528391e+00 1.551567220416134152e+00
1.693989071038251470e+00 1.569162925233418493e+00
1.712204007285974772e+00 1.586824332572618346e+00
1.730418943533697851e+00 1.604551442433733932e+00
1.748633879781420930e+00 1.622344254816765030e+00
1.766848816029144009e+00 1.640202769721711640e+00
1.785063752276867088e+00 1.658126987148573761e+00
1.803278688524590390e+00 1.676116907097351394e+00
1.821493624772313469e+00 1.694167213046518627e+00
1.839708561020036548e+00 1.712149111986362993e+00
1.857923497267759849e+00 1.730007556656044443e+00
1.876138433515482928e+00 1.747742547055562978e+00
1.894353369763206008e+00 1.765354083184918377e+00
1.912568306010929087e+00 1.782842165044111971e+00
1.930783242258652166e+00 1.800206792633141983e+00
1.948998178506375467e+00 1.817447965952009969e+00
1.967213114754098546e+00 1.834565685000715041e+00
1.985428051001821625e+00 1.851559949779257197e+00
2.003642987249544927e+00 1.868430760287636883e+00
2.021857923497267784e+00 1.885178116525853209e+00
2.040072859744991085e+00 1.901802018493907509e+00
2.058287795992714386e+00 1.918302466191798672e+00
2.076502732240437243e+00 1.934679459619527586e+00
2.094717668488160545e+00 1.950932998777093363e+00
2.112932604735883402e+00 1.967063083664496226e+00
2.131147540983606703e+00 1.983069714281737284e+00
2.149362477231330004e+00 1.998952890628815204e+00
2.167577413479052861e+00 2.014712612705729988e+00
2.185792349726776163e+00 2.030348880512481635e+00
2.204007285974499464e+00 2.045861694049072366e+00
2.222222222222222321e+00 2.061243598849036296e+00
2.240437158469945622e+00 2.076441597367403080e+00
2.258652094717668923e+00 2.091445318020044297e+00
2.276867030965391780e+00 2.106254760806959947e+00
2.295081967213115082e+00 2.120869925728150029e+00
2.313296903460837939e+00 2.135290812783614101e+00
2.331511839708561240e+00 2.149517421973353493e+00
2.349726775956284541e+00 2.163549753297366429e+00
2.367941712204007398e+00 2.177387806755653354e+00
2.386156648451730700e+00 2.191031582348215601e+00
2.404371584699453557e+00 2.204481080075050947e+00
2.422586520947176858e+00 2.217736299936161615e+00
2.440801457194900159e+00 2.230797241931546715e+00
2.459016393442623016e+00 2.243663906061205360e+00
2.477231329690346318e+00 2.256336292325138881e+00
2.495446265938069619e+00 2.268814400723347280e+00
2.513661202185792476e+00 2.281098231255828335e+00
2.531876138433515777e+00 2.293187783922585155e+00
2.550091074681239078e+00 2.305083058723615963e+00
2.568306010928961935e+00 2.316784055658921204e+00
2.586520947176685237e+00 2.328290774728500434e+00
2.604735883424408094e+00 2.339603215932353208e+00
2.622950819672131395e+00 2.350721379270481748e+00
2.641165755919854696e+00 2.361645264742884276e+00
2.659380692167577553e+00 2.372374872349560349e+00
2.677595628415300855e+00 2.382910202090511742e+00
2.695810564663023712e+00 2.393251253965737124e+00
2.714025500910747013e+00 2.403398027975237383e+00
2.732240437158470314e+00 2.413350524119010743e+00
2.750455373406193171e+00 2.423108742397059423e+00
2.768670309653916473e+00 2.432672682809382092e+00
2.786885245901639774e+00 2.442042345355979194e+00
2.805100182149362631e+00 2.451217730036850284e+00
2.823315118397085932e+00 2.460198836851996251e+00
2.841530054644809233e+00 2.468985665801416651e+00
2.859744990892532090e+00 2.477578216885110596e+00
2.877959927140255392e+00 2.485976490103079417e+00
2.896174863387978249e+00 2.494180485455322671e+00
2.914389799635701550e+00 2.502190202941839470e+00
2.932604735883424851e+00 2.510005642562632033e+00
2.950819672131147708e+00 2.517626804317697697e+00
2.969034608378871010e+00 2.525053688207037794e+00
2.987249544626593867e+00 2.532305790601899087e+00
3.005464480874317168e+00 2.539594251575608475e+00
3.023679417122040469e+00 2.546976670883913663e+00
3.041894353369763326e+00 2.554453048526815540e+00
3.060109289617486628e+00 2.562023384504312773e+00
3.078324225865209929e+00 2.569687678816406695e+00
3.096539162112932786e+00 2.577445931463096862e+00
3.114754098360656087e+00 2.585298142444382385e+00
3.132969034608379388e+00 2.593244311760265042e+00
3.151183970856102246e+00 2.601284439410743943e+00
3.169398907103825547e+00 2.609418525395817312e+00
3.187613843351548404e+00 2.617646569715487814e+00
3.205828779599271705e+00 2.625968572369755449e+00
3.224043715846995006e+00 2.634384533358617997e+00
3.242258652094717863e+00 2.642894452682076345e+00
3.260473588342441165e+00 2.651498330340131826e+00
3.278688524590164022e+00 2.660196166332782663e+00
3.296903460837887323e+00 2.668987960660030634e+00
3.315118397085610624e+00 2.677873713321874405e+00
3.333333333333333481e+00 2.686853424318313532e+00
3.351548269581056783e+00 2.695927093649349349e+00
3.369763205828780084e+00 2.705094721314981410e+00
3.387978142076502941e+00 2.714356307315209271e+00
3.406193078324226242e+00 2.723711851650032933e+00
3.424408014571949543e+00 2.733161354319454173e+00
3.442622950819672401e+00 2.742704815323469880e+00
3.460837887067395702e+00 2.752342234662082721e+00
3.479052823315118559e+00 2.762073612335291362e+00
3.497267759562841860e+00 2.771898948343096691e+00
3.515482695810565161e+00 2.781818242685496934e+00
3.533697632058288018e+00 2.791831495362493865e+00
3.551912568306011320e+00 2.801938706374087040e+00
3.570127504553734177e+00 2.812139875720276017e+00
3.588342440801457478e+00 2.822435003401062126e+00
3.606557377049180779e+00 2.832824089416443591e+00
3.624772313296903636e+00 2.843307133766420858e+00
3.642987249544626938e+00 2.853884136450994813e+00
3.661202185792350239e+00 2.864555097470165013e+00
3.679417122040073096e+00 2.875320016823931013e+00
3.697632058287796397e+00 2.886178894512292814e+00
3.715846994535519698e+00 2.897132020284186371e+00
3.734061930783242556e+00 2.908248055032696122e+00
3.752276867030965857e+00 2.919579734048636244e+00
3.770491803278688714e+00 2.931127057332004959e+00
3.788706739526412015e+00 2.942890024882804045e+00
3.806921675774135316e+00 2.954868636701032170e+00
3.825136612021858173e+00 2.967062892786688888e+00
3.843351548269581475e+00 2.979472793139777309e+00
3.861566484517304332e+00 2.992098337760293880e+00
3.879781420765027633e+00 3.004939526648239934e+00
3.897996357012750934e+00 3.017996359803615469e+00
3.916211293260473791e+00 3.031268837226420931e+00
3.934426229508197093e+00 3.044756958916655432e+00
3.952641165755920394e+00 3.058460724874320302e+00
3.970856102003643251e+00 3.072380135099414655e+00
3.989071038251366552e+00 3.086515189591938046e+00
4.007285974499089853e+00 3.100865888351891364e+00
4.025500910746813155e+00 3.115432231379273720e+00
4.043715846994535568e+00 3.130214218674085558e+00
4.061930783242258869e+00 3.145211850236327766e+00
4.080145719489982170e+00 3.160425126065998569e+00
4.098360655737705471e+00 3.175854046163099742e+00
4.116575591985428773e+00 3.191498610527629953e+00
4.134790528233151186e+00 3.207358819159589203e+00
4.153005464480874487e+00 3.223434672058979267e+00
4.171220400728597788e+00 3.239726169225797925e+00
4.189435336976321089e+00 3.256233310660046065e+00
4.207650273224044390e+00 3.272956096361724132e+00
4.225865209471766804e+00 3.289797105165900959e+00
4.244080145719490105e+00 3.306609806122104533e+00
4.262295081967213406e+00 3.323392742408219025e+00
4.280510018214936707e+00 3.340145914024243101e+00
4.298724954462660008e+00 3.356869320970177206e+00
4.316939890710383310e+00 3.373562963246021784e+00
4.335154826958105723e+00 3.390226840851775503e+00
4.353369763205829024e+00 3.406860953787440138e+00
4.371584699453552325e+00 3.423465302053014803e+00
4.389799635701275626e+00 3.440039885648501272e+00
4.408014571948998928e+00 3.456584704573897326e+00
4.426229508196721341e+00 3.473099758829202077e+00
4.444444444444444642e+00 3.489585048414418189e+00
4.462659380692167943e+00 3.506040573329543886e+00
4.480874316939891244e+00 3.522466333574580943e+00
4.499089253187614545e+00 3.538862329149528030e+00
4.517304189435337847e+00 3.555228560054384701e+00
4.535519125683060260e+00 3.571565026289150957e+00
4.553734061930783561e+00 3.587871727853828574e+00
4.571948998178506862e+00 3.604148664748415776e+00
4.590163934426230163e+00 3.620395836972914339e+00
4.608378870673953465e+00 3.636613244527322042e+00
4.626593806921675878e+00 3.652800887411639330e+00
4.644808743169399179e+00 3.668958765625868423e+00
4.663023679417122480e+00 3.685086879170007101e+00
4.681238615664845781e+00 3.701185228044056252e+00
4.699453551912569083e+00 3.717253812248014988e+00
4.717668488160291496e+00 3.733292631781883308e+00
4.735883424408014797e+00 3.749319932177095360e+00
4.754098360655738098e+00 3.765367071575324243e+00
4.772313296903461399e+00 3.781434591330003592e+00
4.790528233151184700e+00 3.797522491441134296e+00
4.808743169398907114e+00 3.813630771908715911e+00
4.826958105646630415e+00 3.829759432732747992e+00
4.845173041894353716e+00 3.845908473913231873e+00
4.863387978142077017e+00 3.862077895450167553e+00
4.881602914389800318e+00 3.878267697343553255e+00
4.899817850637523620e+00 3.894477879593389869e+00
4.918032786885246033e+00 3.910708442199677393e+00
4.936247723132969334e+00 3.926959385162415828e+00
4.954462659380692635e+00 3.943230708481606950e+00
4.972677595628415936e+00 3.959522412157247651e+00
4.990892531876139238e+00 3.975834496189339706e+00
5.009107468123861651e+00 3.992166960577882673e+00
5.027322404371584952e+00 4.008519805322877438e+00
5.045537340619308253e+00 4.024893030424322227e+00
5.063752276867031554e+00 4.041286635882218370e+00
5.081967213114754855e+00 4.057700621696565868e+00
5.100182149362478157e+00 4.074134987867365609e+00
5.118397085610200570e+00 4.090589734394614041e+00
5.136612021857923871e+00 4.107064861278313828e+00
5.154826958105647172e+00 4.123560368518464969e+00
5.173041894353370473e+00 4.140076256115068354e+00
5.191256830601093775e+00 4.156612524068121317e+00
5.209471766848816188e+00 4.173169172377626523e+00
5.227686703096539489e+00 4.189746201043581308e+00
5.245901639344262790e+00 4.206343610065988337e+00
5.264116575591986091e+00 4.222961399444846720e+00
5.282331511839709393e+00 4.239599569180154681e+00
5.300546448087431806e+00 4.256258119271913998e+00
5.318761384335155107e+00 4.272937049720125557e+00
5.336976320582878408e+00 4.289636360524787584e+00
5.355191256830601709e+00 4.306325268739369605e+00
5.373406193078325011e+00 4.322944590768805995e+00
5.391621129326047424e+00 4.339492854334618954e+00
5.409836065573770725e+00 4.355970059436811148e+00
5.428051001821494026e+00 4.372376206075379912e+00
5.446265938069217327e+00 4.388711294250328798e+00
5.464480874316940628e+00 4.404975323961655143e+00
5.482695810564663930e+00 4.421168295209359833e+00
5.500910746812386343e+00 4.437290207993441093e+00
5.519125683060109644e+00 4.453341062313902476e+00
5.537340619307832945e+00 4.469320858170740429e+00
5.555555555555556246e+00 4.485229595563956728e+00
5.573770491803279548e+00 4.501067274493551373e+00
5.591985428051001961e+00 4.516833894959522588e+00
5.610200364298725262e+00 4.532529456961873038e+00
5.628415300546448563e+00 4.548153960500600945e+00
5.646630236794171864e+00 4.563707405575708087e+00
5.664845173041895166e+00 4.579189792187192687e+00
5.683060109289618467e+00 4.594601120335055633e+00
5.701275045537340880e+00 4.609941390019295149e+00
5.719489981785064181e+00 4.625210601239913899e+00
5.737704918032787482e+00 4.640408753996910107e+00
5.755919854280510783e+00 4.655535848290285550e+00
5.774134790528234085e+00 4.670591884120037562e+00
5.792349726775956498e+00 4.685576861486167921e+00
5.810564663023679799e+00 4.700490780388676626e+00
5.828779599271403100e+00 4.715333640827563677e+00
5.846994535519126401e+00 4.730105442802828186e+00
5.865209471766849703e+00 4.744806186314471041e+00
5.883424408014572116e+00 4.759435871362491355e+00
5.901639344262295417e+00 4.773994497946890903e+00
5.919854280510018718e+00 4.788482066067667020e+00
5.938069216757742019e+00 4.802898575724821484e+00
5.956284153005465321e+00 4.817244026918355182e+00
5.974499089253187734e+00 4.831630331207375839e+00
5.992714025500911035e+00 4.846170901782450358e+00
6.010928961748634336e+00 4.860865739900775750e+00
6.029143897996357637e+00 4.875714845562352906e+00
6.047358834244080938e+00 4.890718218767181824e+00
6.065573770491804240e+00 4.905875859515262505e+00
6.083788706739526653e+00 4.921187767806593172e+00
6.102003642987249954e+00 4.936653943641177378e+00
6.120218579234973255e+00 4.952274387019015123e+00
6.138433515482696556e+00 4.968049097940101966e+00
6.156648451730419858e+00 4.983978076404441460e+00
6.174863387978142271e+00 5.000061322412031828e+00
6.193078324225865572e+00 5.016298835962874847e+00
6.211293260473588873e+00 5.032690617056969629e+00
6.229508196721312174e+00 5.049236665694316173e+00
6.247723132969035476e+00 5.065936981874913592e+00
6.265938069216758777e+00 5.082791565598763661e+00
6.284153005464481190e+00 5.099800416865865493e+00
6.302367941712204491e+00 5.116963535676218200e+00
6.320582877959927792e+00 5.134280922029823557e+00
6.338797814207651093e+00 5.151752575926679789e+00
6.357012750455374395e+00 5.169378497366789560e+00
6.375227686703096808e+00 5.187158686350149317e+00
6.393442622950820109e+00 5.205093142876761725e+00
6.411657559198543410e+00 5.223181866946625007e+00
6.429872495446266711e+00 5.241424858559740940e+00
6.448087431693990013e+00 5.259822117716108636e+00
6.466302367941712426e+00 5.278373644415726318e+00
6.484517304189435727e+00 5.297079438658597539e+00
6.502732240437159028e+00 5.315939500444720522e+00
6.520947176684882329e+00 5.334960951943916285e+00
6.539162112932605631e+00 5.354368167702506121e+00
6.557377049180328044e+00 5.374268035433034996e+00
6.575591985428051345e+00 5.394660555135505575e+00
6.593806921675774646e+00 5.415545726809916971e+00
6.612021857923497947e+00 5.436923550456269183e+00
6.630236794171221248e+00 5.458794026074562211e+00
6.648451730418944550e+00 5.481157153664795167e+00
6.666666666666666963e+00 5.504012933226968940e+00
6.684881602914390264e+00 5.527361364761083529e+00
6.703096539162113565e+00 5.551202448267138045e+00
6.721311475409836866e+00 5.575536183745134267e+00
6.739526411657560168e+00 5.600362571195071304e+00
6.757741347905282581e+00 5.625681610616947381e+00
6.775956284153005882e+00 5.651493302010766939e+00
6.794171220400729183e+00 5.677797645376524649e+00
6.812386156648452484e+00 5.704594640714225839e+00
6.830601092896175786e+00 5.731884288023864293e+00
6.848816029143899087e+00 5.759666587305448004e+00
6.867030965391621500e+00 5.787941538558968091e+00
6.885245901639344801e+00 5.816709141784429882e+00
6.903460837887068102e+00 5.845969396981832489e+00
6.921675774134791403e+00 5.875722304151176800e+00
6.939890710382514705e+00 5.905967863292461928e+00
6.958105646630237118e+00 5.936706074405686095e+00
6.976320582877960419e+00 5.967936937490852856e+00
6.994535519125683720e+00 5.999660452547958656e+00
7.012750455373407021e+00 6.031876619577006160e+00
7.030965391621130323e+00 6.064585438577994481e+00
7.049180327868852736e+00 6.097786909550920953e+00
7.067395264116576037e+00 6.131481032495790018e+00
7.085610200364299338e+00 6.165667807412599899e+00
7.103825136612022639e+00 6.200347234301352373e+00
7.122040072859745941e+00 6.235519313162043886e+00
7.140255009107468354e+00 6.271184043994674440e+00
7.158469945355191655e+00 6.307341426799246697e+00
7.176684881602914956e+00 6.343991461575760660e+00
7.194899817850638257e+00 6.380909658360280012e+00
7.213114754098361558e+00 6.417778908727631126e+00
7.231329690346084860e+00 6.454596940194350374e+00
7.249544626593807273e+00 6.491363752760435979e+00
7.267759562841530574e+00 6.528079346425889717e+00
7.285974499089253875e+00 6.564743721190713366e+00
7.304189435336977176e+00 6.601356877054902483e+00
7.322404371584700478e+00 6.637918814018459734e+00
7.340619307832422891e+00 6.674429532081384231e+00
7.358834244080146192e+00 6.710889031243675973e+00
7.377049180327869493e+00 6.747297311505334960e+00
7.395264116575592794e+00 6.783654372866362969e+00
7.413479052823316096e+00 6.819960215326759112e+00
7.431693989071039397e+00 6.856214838886522500e+00
7.449908925318761810e+00 6.892418243545652246e+00
7.468123861566485111e+00 6.928570429304149236e+00
7.486338797814208412e+00 6.964671396162015249e+00
7.504553734061931713e+00 7.000721144119248507e+00
7.522768670309655015e+00 7.036719673175849898e+00
7.540983606557377428e+00 7.072666983331816759e+00
7.559198542805100729e+00 7.108563074587153530e+00
7.577413479052824030e+00 7.144407946941858434e+00
7.595628415300547331e+00 7.180201600395928807e+00
7.613843351548270633e+00 7.215944034949369978e+00
7.632058287795993046e+00 7.251635250602173066e+00
7.650273224043716347e+00 7.287275247354346952e+00
7.668488160291439648e+00 7.322864025205889860e+00
7.686703096539162949e+00 7.358401584156799125e+00
7.704918032786886251e+00 7.393882504762399499e+00
7.723132969034608664e+00 7.428915125991871093e+00
7.741347905282331965e+00 7.463257922876347372e+00
7.759562841530055266e+00 7.496910895415829224e+00
7.777777777777778567e+00 7.529874043610312206e+00
7.795992714025501868e+00 7.562147367459799874e+00
7.814207650273225170e+00 7.593730866964292225e+00
7.832422586520947583e+00 7.624624542123784821e+00
7.850637522768670884e+00 7.654828392938283876e+00
7.868852459016394185e+00 7.684342419407784952e+00
7.887067395264117486e+00 7.713166621532288048e+00
7.905282331511840788e+00 7.741300999311798492e+00
7.923497267759563201e+00 7.768745552746308292e+00
7.941712204007286502e+00 7.795500281835823664e+00
7.959927140255009803e+00 7.821565186580341944e+00
7.978142076502733104e+00 7.846940266979862244e+00
7.996357012750456406e+00 7.871625523034389005e+00
8.014571948998179707e+00 7.895620954743920450e+00
8.032786885245903008e+00 7.918926562108451250e+00
8.051001821493626309e+00 7.941542345127986735e+00
8.069216757741347834e+00 7.963468303802523351e+00
8.087431693989071135e+00 7.984704438132066429e+00
8.105646630236794437e+00 8.005250748116614190e+00
8.123861566484517738e+00 8.025107233756163083e+00
8.142076502732241039e+00 8.044273895050716661e+00
8.160291438979964340e+00 8.062750732000271370e+00
8.178506375227687641e+00 8.080604076706730865e+00
8.196721311475410943e+00 8.098375945699643808e+00
8.214936247723134244e+00 8.116185861738550500e+00
8.233151183970857545e+00 8.134033824823450942e+00
8.251366120218580846e+00 8.151919834954343358e+00
8.269581056466302371e+00 8.169843892131229524e+00
8.287795992714025672e+00 8.187805996354107663e+00
8.306010928961748974e+00 8.205806147622977775e+00
8.324225865209472275e+00 8.223844345937843414e+00
8.342440801457195576e+00 8.241920591298701027e+00
8.360655737704918877e+00 8.260034883705550612e+00
8.378870673952642179e+00 8.278187223158395724e+00
8.397085610200365480e+00 8.296377609657231034e+00
8.415300546448088781e+00 8.314606043202060093e+00
8.433515482695812082e+00 8.332872523792882902e+00
8.451730418943533607e+00 8.351177051429695908e+00
8.469945355191256908e+00 8.369519626112504440e+00
8.488160291438980209e+00 8.387900247841304946e+00
8.506375227686703511e+00 8.406318916616099202e+00
8.524590163934426812e+00 8.424775632436885431e+00
8.542805100182150113e+00 8.443270395303665410e+00
8.561020036429873414e+00 8.461803205216440915e+00
8.579234972677596716e+00 8.480374062175204841e+00
8.597449908925320017e+00 8.498982966179966070e+00
8.615664845173043318e+00 8.517629917230717496e+00
8.633879781420766619e+00 8.536314915327460895e+00
8.652094717668488144e+00 8.555037960470198044e+00
8.670309653916211445e+00 8.573799052658928943e+00
8.688524590163934747e+00 8.592598191893653592e+00
8.706739526411658048e+00 8.611435378174370214e+00
8.724954462659381349e+00 8.630310611501080587e+00
8.743169398907104650e+00 8.649223891873782932e+00
8.761384335154827951e+00 8.668175219292479028e+00
8.779599271402551253e+00 8.687164593757165321e+00
8.797814207650274554e+00 8.706192015267847140e+00
8.816029143897997855e+00 8.725257483824520932e+00
8.834244080145721156e+00 8.744360999427188474e+00
8.852459016393442681e+00 8.763502562075849767e+00
8.870673952641165982e+00 8.782682171770503032e+00
8.888888888888889284e+00 8.801899828511148272e+00
8.907103825136612585e+00 8.821155532297787261e+00
8.925318761384335886e+00 8.840449283130418223e+00
8.943533697632059187e+00 8.859781081009046488e+00
8.961748633879782489e+00 8.879150925933663174e+00
8.979963570127505790e+00 8.898549703264961863e+00
8.998178506375229091e+00 8.917958513962284783e+00
9.016393442622952392e+00 8.937376777190568333e+00
9.034608378870675693e+00 8.956804492949821395e+00
9.052823315118397218e+00 8.976241661240033309e+00
9.071038251366120519e+00 8.995688282061212959e+00
9.089253187613843821e+00 9.015144355413355015e+00
9.107468123861567122e+00 9.034609881296463030e+00
9.125683060109290423e+00 9.054084859710533451e+00
9.143897996357013724e+00 9.073569290655569830e+00
9.162112932604737026e+00 9.093063174131568616e+00
9.180327868852460327e+00 9.112566510138535136e+00
9.198542805100183628e+00 9.132079298676462287e+00
9.216757741347906929e+00 9.151601539745357172e+00
9.234972677595628454e+00 9.171133233345212687e+00
9.253187613843351755e+00 9.190674379476032385e+00
9.271402550091075057e+00 9.210224978137819818e+00
9.289617486338798358e+00 9.229785029330569657e+00
9.307832422586521659e+00 9.249354533054285454e+00
9.326047358834244960e+00 9.268933489308965434e+00
9.344262295081968261e+00 9.288521898094607820e+00
9.362477231329691563e+00 9.308119759411216165e+00
9.380692167577414864e+00 9.327727073258786916e+00
9.398907103825138165e+00 9.347343839637325402e+00
9.417122040072861466e+00 9.366970058546824518e+00
9.435336976320582991e+00 9.386605729987287816e+00
9.453551912568306292e+00 9.406250853958717073e+00
9.471766848816029594e+00 9.425905430461110512e+00
9.489981785063752895e+00 9.445569459494468134e+00
9.508196721311476196e+00 9.465242941058791715e+00
9.526411657559199497e+00 9.484925875154077701e+00
9.544626593806922799e+00 9.504618261780327870e+00
9.562841530054646100e+00 9.524320100937543998e+00
9.581056466302369401e+00 9.544031392625722532e+00
9.599271402550092702e+00 9.563752136844868801e+00
9.617486338797814227e+00 9.583482333594972147e+00
9.635701275045537528e+00 9.603221982876046781e+00
9.653916211293260830e+00 9.622971084688082044e+00
9.672131147540984131e+00 9.642729639031085043e+00
9.690346083788707432e+00 9.662497645905048671e+00
9.708561020036430733e+00 9.682275105309980034e+00
9.726775956284154034e+00 9.702062017245875580e+00
9.744990892531877336e+00 9.721858381712731756e+00
9.763205828779600637e+00 9.741664198710553890e+00
9.781420765027323938e+00 9.761479468239341983e+00
9.799635701275047239e+00 9.781304190299094259e+00
9.817850637522768764e+00 9.801138364889807164e+00
9.836065573770492065e+00 9.820981992011487804e+00
9.854280510018215367e+00 9.840835071664130851e+00
9.872495446265938668e+00 9.860697603847739856e+00
9.890710382513661969e+00 9.880569588562313044e+00
9.908925318761385270e+00 9.900451025807852190e+00
9.927140255009108571e+00 9.920341915584351966e+00
9.945355191256831873e+00 9.940242257891817701e+00
9.963570127504555174e+00 9.960152052730247618e+00
9.981785063752278475e+00 9.980071300099643494e+00
1.000000000000000000e+01 1.000000000000000000e+01
