8.999999999999998002e-01
8.999999999999998002e-01
8.999999999999998002e-01
8.999999999999998002e-01
8.999999999999998002e-01
8.999999999999998002e-01
8.999999999999998002e-01
8.999999999999998002e-01
8.999999999999998002e-01
8.999999999999998002e-01
8.999999999999998002e-01
8.999999999999998002e-01
8.999999999999998002e-01
8.999999999999998002e-01
8.999999999999998002e-01
8.999999999999998002e-01
8.999999999999998002e-01
8.999999999999998002e-01
8.999999999999998002e-01
8.999999999999998002e-01
8.999999999999998002e-01
8.999999999999998002e-01
8.999999999999998002e-01
8.999999999999998002e-01
8.999999999999998002e-01
8.999999999999998002e-01
8.999999999999998002e-01
8.999999999999998002e-01
8.999999999999998002e-01
8.999999999999998002e-01
8.999999999999998002e-01
8.999999999999998002e-01
8.999999999999998002e-01
8.999999999999998002e-01
8.999999999999998002e-01
8.999999999999998002e-01
8.999999999999998002e-01
8.999999999999998002e-01
8.999999999999998002e-01
8.999999999999998002e-01
8.999999999999998002e-01
8.999999999999998002e-01
8.999999999999998002e-01
8.999999999999998002e-01
8.999999999999998002e-01
8.999999999999998002e-01
8.999999999999998002e-01
8.999999999999998002e-01
8.999999999999998002e-01
8.999999999999998002e-01
8.999999999999998002e-01
8.999999999999998002e-01
8.999999999999998002e-01
8.999999999999998002e-01
8.999999999999998002e-01
8.999999999999998002e-01
8.999999999999998002e-01
8.999999999999998002e-01
8.999999999999998002e-01
8.999999999999998002e-01
8.999999999999998002e-01
8.999999999999998002e-01
8.999999999999998002e-01
8.999999999999998002e-01
8.999999999999998002e-01
8.999999999999998002e-01
8.999999999999998002e-01
8.999999999999998002e-01
8.999999999999998002e-01
8.999999999999998002e-01
8.999999999999998002e-01
8.999999999999998002e-01
8.999999999999998002e-01
8.999999999999998002e-01
8.999999999999998002e-01
8.999999999999998002e-01
8.999999999999998002e-01
8.999999999999998002e-01
8.999942327211954973e-01
8.999853206381608350e-01
8.999720310921951461e-01
8.999525546176651014e-01
8.999243807954365737e-01
8.998840886098483649e-01
8.998270788616075100e-01
8.997472458021483765e-01
8.996365835394962707e-01
8.994847244908209527e-01
8.992784105163481589e-01
8.990009021832118252e-01
8.986313378564695364e-01
8.981440572780458043e-01
8.975079293804367753e-01
8.966857115613308116e-01
8.956334897607728385e-01
8.943002551207576145e-01
8.926276796256037427e-01
8.905501571226052127e-01
8.879951760553440598e-01
8.848840850404054992e-01
8.811333012495791150e-01
8.766559939749921648e-01
8.713642518286991434e-01
8.651717124695911254e-01
8.579965999605775329e-01
8.497650789219463041e-01
8.404147992366998166e-01
8.298984732660771302e-01
8.181873025883646955e-01
8.052740562597034968e-01
7.911756000835786784e-01
7.759346880969865135e-01
7.596208540451843128e-01
7.423302813248721099e-01
7.241845826627633098e-01
7.053284823210539400e-01
6.859264595037420920e-01
6.661584768323290939e-01
6.462149770220608769e-01
6.262913792918746170e-01
6.065823404694347110e-01
5.872760613362343340e-01
5.685489151693803311e-01
5.505606530306469404e-01
5.334504011239734611e-01
5.173336129079678658e-01
5.023000770895922340e-01
4.884130172156431748e-01
4.757092544846683868e-01
4.642003473829076632e-01
4.538745737341166042e-01
4.446995855366224770e-01
4.366255460258594567e-01
4.295885519022059618e-01
4.235141505445191301e-01
4.183207802454624868e-01
4.139229883262611209e-01
4.102343143344260867e-01
4.071697602900206103e-01
4.046478042725145663e-01
4.025919497849658191e-01
4.009318138867115633e-01
3.996038002572847581e-01
3.985514058168608820e-01
3.977252208742724782e-01
3.970826866956240764e-01
3.965876734256009728e-01
3.962099367878573197e-01
3.959244756771769791e-01
3.957109322683444175e-01
3.955529432943872270e-01
3.954375362935111382e-01
3.953545768935685101e-01
3.951828845192945083e-01
3.951501375820434259e-01
3.952317122605419342e-01
3.952180605555499771e-01
3.952137429236881050e-01
3.952175078610035142e-01
3.952326045613135941e-01
3.952540508462931701e-01
3.952824632291415674e-01
3.953188276293815306e-01
3.953643853255083829e-01
3.954205922272298612e-01
3.954890885989946203e-01
3.955716692008632851e-01
3.956702504248308383e-01
3.957868331736671408e-01
3.959234614727574209e-01
3.960821777794149567e-01
3.962649768073580048e-01
3.964737635190934695e-01
3.967103080745236210e-01
3.969762129331224632e-01
3.972728917665654946e-01
3.976015634215102623e-01
3.979632641430500550e-01
3.983588804805789918e-01
3.987892042078138299e-01
3.992550092478117096e-01
3.997571490811481221e-01
4.002966715345949722e-01
4.008749463191368934e-01
4.014937993373876024e-01
4.021556467340843821e-01
4.028636210253649930e-01
4.036263642663839302e-01
4.044462269496591489e-01
4.053299948983185019e-01
4.062858113521015113e-01
4.073232803286969128e-01
4.084535606424048448e-01
4.096894557948889681e-01
4.110455064858732910e-01
4.125380932519752686e-01
4.141855564540741219e-01
4.160083392704105876e-01
4.180291563660012977e-01
4.202731864611076174e-01
4.227682812128935042e-01
4.255451759158416225e-01
4.286376799513370028e-01
4.320828172795763700e-01
4.359208803241296781e-01
4.401953552201688935e-01
4.449526735018131673e-01
4.502417457814140156e-01
4.561132375829973218e-01
4.626185567541626353e-01
4.698085359708086273e-01
4.777318125051429054e-01
4.864329298880848973e-01
4.959502110833422517e-01
5.063134785430334350e-01
5.175417208940947811e-01
5.296408266514581742e-01
5.426015199018021651e-01
5.563976392242215852e-01
5.709848975806987026e-01
5.863002466183726558e-01
6.022619406958625854e-01
6.187703746399524363e-01
6.357097047495955389e-01
6.529502309605766941e-01
6.703514658030652607e-01
6.877657694254893928e-01
7.050423905212886977e-01
7.220317234763834469e-01
7.385895946832712333e-01
7.545812867313492767e-01
7.698852303017852394e-01
7.843961051196025602e-01
7.980272327415088851e-01
8.107121725033009652e-01
8.224054791584359814e-01
8.330826308250082191e-01
8.427391826459548207e-01
8.513892398474077750e-01
8.590633803325639084e-01
8.658061746905824085e-01
8.716734513447549348e-01
8.767294637517276668e-01
8.810441003686820816e-01
8.846902585375767680e-01
8.877414785982570278e-01
8.902699069445577651e-01
8.923446287724031700e-01
8.940303850125140839e-01
8.953866650118275095e-01
8.964671480159666084e-01
8.973194529591775881e-01
8.979851475427064189e-01
8.984999637229814651e-01
8.988941668825355391e-01
8.991930292814876990e-01
8.994173639753967331e-01
8.995840823483939319e-01
8.997067459545048385e-01
8.997960908314274198e-01
8.998605093592818571e-01
8.999064807564106649e-01
8.999389462605494883e-01
8.999616288883526272e-01
8.999773004478567318e-01
8.999880003116572658e-01
8.999952114960182437e-01
8.999999999999998002e-01
8.999999999999998002e-01
8.999999999999998002e-01
8.999999999999998002e-01
8.999999999999998002e-01
8.999999999999998002e-01
8.999999999999998002e-01
8.999999999999998002e-01
8.999999999999998002e-01
8.999999999999998002e-01
8.999999999999998002e-01
8.999999999999998002e-01
8.999999999999998002e-01
8.999999999999998002e-01
8.999999999999998002e-01
8.999999999999998002e-01
8.999999999999998002e-01
8.999999999999998002e-01
8.999999999999998002e-01
8.999999999999998002e-01
8.999999999999998002e-01
8.999999999999998002e-01
8.999999999999998002e-01
8.999999999999998002e-01
8.999999999999998002e-01
8.999999999999998002e-01
8.999999999999998002e-01
8.999999999999998002e-01
8.999999999999998002e-01
8.999999999999998002e-01
8.999999999999998002e-01
8.999999999999998002e-01
8.999999999999998002e-01
8.999999999999998002e-01
8.999999999999998002e-01
8.999999999999998002e-01
8.999999999999998002e-01
8.999999999999998002e-01
8.999999999999998002e-01
8.999999999999998002e-01
8.999999999999998002e-01
8.999999999999998002e-01
8.999999999999998002e-01
8.999999999999998002e-01
8.999999999999998002e-01
8.999999999999998002e-01
8.999999999999998002e-01
8.999999999999998002e-01
8.999999999999998002e-01
8.999999999999998002e-01
8.999999999999998002e-01
8.999999999999998002e-01
8.999999999999998002e-01
8.999999999999998002e-01
8.999999999999998002e-01
8.999999999999998002e-01
8.999999999999998002e-01
8.999999999999998002e-01
8.999999999999998002e-01
8.999999999999998002e-01
8.999999999999998002e-01
8.999999999999998002e-01
8.999999999999998002e-01
8.999999999999998002e-01
8.999999999999998002e-01
8.999999999999998002e-01
8.999999999999998002e-01
8.999999999999998002e-01
8.999999999999998002e-01
8.999999999999998002e-01
8.999999999999998002e-01
8.999999999999998002e-01
8.999999999999998002e-01
8.999999999999998002e-01
8.999999999999998002e-01
8.999999999999998002e-01
8.999999999999998002e-01
8.999999999999998002e-01
8.999999999999998002e-01
8.999999999999998002e-01
8.999999999999998002e-01
8.999999999999998002e-01
8.999999999999998002e-01
8.999999999999998002e-01
8.999999999999998002e-01
8.999999999999998002e-01
8.999999999999998002e-01
8.999999999999998002e-01
8.999999999999998002e-01
8.999999999999998002e-01
8.999999999999998002e-01
8.999999999999998002e-01
8.999999999999998002e-01
8.999999999999998002e-01
8.999999999999998002e-01
8.999999999999998002e-01
8.999999999999998002e-01
8.999999999999998002e-01
8.999999999999998002e-01
8.999999999999998002e-01
8.999999999999998002e-01
8.999999999999998002e-01
8.999999999999998002e-01
8.999999999999998002e-01
8.999999999999998002e-01
8.999999999999998002e-01
8.999999999999998002e-01
8.999999999999998002e-01
8.999999999999998002e-01
8.999999999999998002e-01
8.999999999999998002e-01
8.999999999999998002e-01
8.999999999999998002e-01
8.999999999999998002e-01
8.999999999999998002e-01
8.999999999999998002e-01
8.999999999999998002e-01
8.999999999999998002e-01
8.999999999999998002e-01
8.999999999999998002e-01
8.999999999999998002e-01
8.999999999999998002e-01
8.999938753827619875e-01
8.999844655052816611e-01
8.999704428609475171e-01
8.999498986468373873e-01
8.999201886178561649e-01
8.998777106238161627e-01
8.998176229151363392e-01
8.997334989746205158e-01
8.996169140620530191e-01
8.994569606628183278e-01
8.992396931597098630e-01
8.989475015295432803e-01
8.985584447208722070e-01
8.980455466124591668e-01
8.973760897332220265e-01
8.965109461557795312e-01
8.954039948929993775e-01
8.940016842149623999e-01
8.922428044962501525e-01
8.900585413103135890e-01
8.873728782914499513e-01
8.841034136681552580e-01
8.801626424662255532e-01
8.754597377246963186e-01
8.699028387554156305e-01
8.634018232698598139e-01
8.558715045871222449e-01
8.472351573349125031e-01
8.374282378892462519e-01
8.264021325248646077e-01
8.141277402796466278e-01
8.005986821059950520e-01
7.858339256815610741e-01
7.698796280775727086e-01
7.528100269433530833e-01
7.347272541853553385e-01
7.157600020820559239e-01
6.960610368229056544e-01
6.758036239435872838e-01
6.551769987124702599e-01
6.343810766701560855e-01
6.136206500487556559e-01
5.930993503887924678e-01
5.730136733421389295e-01
5.535473570507818408e-01
5.348663810553975217e-01
5.171148105779974635e-01
5.004116549006488723e-01
4.848488431991820335e-01
4.704903519750327501e-01
4.573724506245438470e-01
4.455049707119942415e-01
4.348734542969583949e-01
4.254420001181329347e-01
4.171566050724896391e-01
4.099487923588238658e-01
4.037393257046226758e-01
3.984418290529649354e-01
3.939661600243263284e-01
3.902214205666523772e-01
3.871185308447461781e-01
3.845723045577187360e-01
3.825030328992984896e-01
3.808375895451142079e-01
3.795100900323914450e-01
3.784621565215632311e-01
3.776429189640341799e-01
3.770087193725826236e-01
3.765226364215424892e-01
3.761538949154759059e-01
3.758772079489377527e-01
3.756720967031151881e-01
3.755222232215030820e-01
3.751384986475232441e-01
3.751734809754289079e-01
3.752899758630928173e-01
3.752597557378191118e-01
3.752453610363108427e-01
3.752443262054931949e-01
3.752552926210318551e-01
3.752778272475958410e-01
3.753163726024565938e-01
3.753667205013658803e-01
3.754308471413335679e-01
3.755112757240690602e-01
3.756110337584215864e-01
3.757336564414535118e-01
3.758832022988624622e-01
3.760642728370643950e-01
3.762820325491437190e-01
3.765422270606878508e-01
3.768511981234839991e-01
3.772158979562063030e-01
3.776438861587304019e-01
3.781433298420280309e-01
3.787275640789766196e-01
3.794034296759580260e-01
3.801817125636415273e-01
3.810740519326015208e-01
3.820930013624838639e-01
3.832521063165270636e-01
3.845660017948761000e-01
3.860505337077751453e-01
3.877229068171728632e-01
3.896018607506243625e-01
3.917078734716282762e-01
3.940633885856222873e-01
3.966930589222115167e-01
3.996239940057895734e-01
4.028859934742071158e-01
4.065117425388505845e-01
4.105369396653303360e-01
4.150003214074979851e-01
4.199435454863021944e-01
4.254108915773489041e-01
4.314487406607694364e-01
4.381047988985011798e-01
4.454270413350229219e-01
4.534623644506029505e-01
4.622549545035884444e-01
4.718443999757353513e-01
4.822636000776256981e-01
4.935365455080067965e-01
5.056760704466825018e-01
5.186816938339466887e-01
5.325376810804318684e-01
5.472114624233950231e-01
5.626525396472871199e-01
5.787919979800907333e-01
5.955427147139302768e-01
6.128003215138109194e-01
6.304449354819284812e-01
6.483436277019918315e-01
6.663535506924634921e-01
6.843256017591339280e-01
7.021084614126537060e-01
7.195528181274967183e-01
7.365155753024037466e-01
7.528638348158063209e-01
7.684784643047085639e-01
7.832570809115013688e-01
7.971163177083065987e-01
8.099933033192238119e-01
8.218462992441023518e-01
8.326545165411404215e-01
8.424171755359045610e-01
8.511519062113209744e-01
8.588878598862504932e-01
8.656749099604753583e-01
8.715705321863042032e-01
8.766398942186172105e-01
8.809529251889033352e-01
8.845815225875591770e-01
8.875969856429458682e-01
8.900677356866094625e-01
8.920573571827742354e-01
8.936229689015507960e-01
8.948139148637347384e-01
8.956707503492115086e-01
8.962244900095287514e-01
8.964960829436946499e-01
