9.000000000000000222e-01
9.000000000000000222e-01
9.000000000000000222e-01
9.000000000000000222e-01
9.000000000000000222e-01
9.000000000000000222e-01
9.000000000000000222e-01
9.000000000000000222e-01
9.000000000000000222e-01
9.000000000000000222e-01
9.000000000000000222e-01
9.000000000000000222e-01
9.000000000000000222e-01
9.000000000000000222e-01
9.000000000000000222e-01
9.000000000000000222e-01
9.000000000000000222e-01
9.000000000000000222e-01
9.000000000000000222e-01
9.000000000000000222e-01
9.000000000000000222e-01
9.000000000000000222e-01
9.000000000000000222e-01
9.000000000000000222e-01
9.000000000000000222e-01
9.000000000000000222e-01
9.000000000000000222e-01
9.000000000000000222e-01
9.000000000000000222e-01
9.000000000000000222e-01
9.000000000000000222e-01
9.000000000000000222e-01
9.000000000000000222e-01
9.000000000000000222e-01
9.000000000000000222e-01
9.000000000000000222e-01
9.000000000000000222e-01
9.000000000000000222e-01
9.000000000000000222e-01
9.000000000000000222e-01
9.000000000000000222e-01
9.000000000000000222e-01
9.000000000000000222e-01
9.000000000000000222e-01
9.000000000000000222e-01
9.000000000000000222e-01
9.000000000000000222e-01
9.000000000000000222e-01
9.000000000000000222e-01
9.000000000000000222e-01
9.000000000000000222e-01
9.000000000000000222e-01
9.000000000000000222e-01
9.000000000000000222e-01
9.000000000000000222e-01
9.000000000000000222e-01
9.000000000000000222e-01
9.000000000000000222e-01
9.000000000000000222e-01
9.000000000000000222e-01
9.000000000000000222e-01
9.000000000000000222e-01
9.000000000000000222e-01
9.000000000000000222e-01
9.000000000000000222e-01
9.000000000000000222e-01
9.000000000000000222e-01
9.000000000000000222e-01
9.000000000000000222e-01
9.000000000000000222e-01
9.000000000000000222e-01
9.000000000000000222e-01
9.000000000000000222e-01
9.000000000000000222e-01
9.000000000000000222e-01
9.000000000000000222e-01
9.000000000000000222e-01
9.000000000000000222e-01
9.000000000000000222e-01
9.000000000000000222e-01
9.000000000000000222e-01
9.000000000000000222e-01
9.000000000000000222e-01
9.000000000000000222e-01
9.000000000000000222e-01
9.000000000000000222e-01
9.000000000000000222e-01
9.000000000000000222e-01
9.000000000000000222e-01
9.000000000000000222e-01
9.000000000000000222e-01
9.000000000000000222e-01
9.000000000000000222e-01
9.000000000000000222e-01
9.000000000000000222e-01
9.000000000000000222e-01
9.000000000000000222e-01
9.000000000000000222e-01
9.000000000000000222e-01
9.000000000000000222e-01
9.000000000000000222e-01
9.000000000000000222e-01
9.000000000000000222e-01
9.000000000000000222e-01
9.000000000000000222e-01
9.000000000000000222e-01
9.000000000000000222e-01
9.000000000000000222e-01
9.000000000000000222e-01
9.000000000000000222e-01
9.000000000000000222e-01
9.000000000000000222e-01
9.000000000000000222e-01
9.000000000000000222e-01
9.000000000000000222e-01
9.000000000000000222e-01
9.000000000000000222e-01
9.000000000000000222e-01
9.000000000000000222e-01
9.000000000000000222e-01
9.000000000000000222e-01
9.000000000000000222e-01
9.000000000000000222e-01
9.000000000000000222e-01
9.000000000000000222e-01
9.000000000000000222e-01
9.000000000000000222e-01
9.000000000000000222e-01
9.000000000000000222e-01
9.000000000000000222e-01
9.000000000000000222e-01
9.000000000000000222e-01
9.000000000000000222e-01
9.000000000000000222e-01
9.000000000000000222e-01
9.000000000000000222e-01
9.000000000000000222e-01
9.000000000000000222e-01
9.000000000000000222e-01
9.000000000000000222e-01
9.000000000000000222e-01
9.000000000000000222e-01
4.690819837696255101e-01
4.428392055800709493e-01
4.288644822412740476e-01
4.193620221673921566e-01
4.124179817437103601e-01
4.071964957622384862e-01
4.032418636381591703e-01
4.002725419461247158e-01
3.980998109285439623e-01
3.965896596963128795e-01
3.956427374580272494e-01
3.951828845192945083e-01
3.951501375820434259e-01
3.954962424291901257e-01
3.961816545077436746e-01
3.971734646609798025e-01
3.984439229190817056e-01
3.999693618451887200e-01
4.017293944681900042e-01
4.037063056053031840e-01
4.058845823451782131e-01
4.082505465907044773e-01
4.107920637276399889e-01
4.134983089430027681e-01
4.142174853382442068e-01
4.111619201783727195e-01
4.088456092677321685e-01
4.072816044287873583e-01
4.063767497198116363e-01
4.060572568771741997e-01
4.062635878274001300e-01
4.069469563236816079e-01
4.080668634441081410e-01
4.095893164348070048e-01
4.114855127488423747e-01
4.137308489655865396e-01
4.163041617202134503e-01
4.191871376173266217e-01
4.223638483976944746e-01
4.258203804124522929e-01
4.295445361154428543e-01
4.335255912620213925e-01
4.377540957047372228e-01
4.422217086758474247e-01
4.469210616226235722e-01
4.518456432575014281e-01
4.569897026745565194e-01
4.623481672764492290e-01
4.679165729358694126e-01
4.736910043374793489e-01
4.796680438503214683e-01
4.858447275970949608e-01
4.922185076360209299e-01
4.987872193690016109e-01
5.055490534484605725e-01
5.125025315834567108e-01
5.196464857497086198e-01
5.269800403934334909e-01
5.345025972894998922e-01
5.422138227732037352e-01
9.000000000000000222e-01
9.000000000000000222e-01
9.000000000000000222e-01
9.000000000000000222e-01
9.000000000000000222e-01
9.000000000000000222e-01
9.000000000000000222e-01
9.000000000000000222e-01
9.000000000000000222e-01
9.000000000000000222e-01
9.000000000000000222e-01
9.000000000000000222e-01
9.000000000000000222e-01
9.000000000000000222e-01
9.000000000000000222e-01
9.000000000000000222e-01
9.000000000000000222e-01
9.000000000000000222e-01
9.000000000000000222e-01
9.000000000000000222e-01
9.000000000000000222e-01
9.000000000000000222e-01
9.000000000000000222e-01
9.000000000000000222e-01
9.000000000000000222e-01
9.000000000000000222e-01
9.000000000000000222e-01
9.000000000000000222e-01
9.000000000000000222e-01
9.000000000000000222e-01
9.000000000000000222e-01
9.000000000000000222e-01
9.000000000000000222e-01
9.000000000000000222e-01
9.000000000000000222e-01
9.000000000000000222e-01
9.000000000000000222e-01
9.000000000000000222e-01
9.000000000000000222e-01
9.000000000000000222e-01
9.000000000000000222e-01
9.000000000000000222e-01
9.000000000000000222e-01
9.000000000000000222e-01
9.000000000000000222e-01
9.000000000000000222e-01
9.000000000000000222e-01
9.000000000000000222e-01
9.000000000000000222e-01
9.000000000000000222e-01
9.000000000000000222e-01
9.000000000000000222e-01
9.000000000000000222e-01
9.000000000000000222e-01
9.000000000000000222e-01
9.000000000000000222e-01
9.000000000000000222e-01
9.000000000000000222e-01
9.000000000000000222e-01
9.000000000000000222e-01
9.000000000000000222e-01
9.000000000000000222e-01
9.000000000000000222e-01
9.000000000000000222e-01
9.000000000000000222e-01
9.000000000000000222e-01
9.000000000000000222e-01
9.000000000000000222e-01
9.000000000000000222e-01
9.000000000000000222e-01
9.000000000000000222e-01
9.000000000000000222e-01
9.000000000000000222e-01
9.000000000000000222e-01
9.000000000000000222e-01
9.000000000000000222e-01
9.000000000000000222e-01
9.000000000000000222e-01
9.000000000000000222e-01
9.000000000000000222e-01
9.000000000000000222e-01
9.000000000000000222e-01
9.000000000000000222e-01
9.000000000000000222e-01
9.000000000000000222e-01
9.000000000000000222e-01
9.000000000000000222e-01
9.000000000000000222e-01
9.000000000000000222e-01
9.000000000000000222e-01
9.000000000000000222e-01
9.000000000000000222e-01
9.000000000000000222e-01
9.000000000000000222e-01
9.000000000000000222e-01
9.000000000000000222e-01
9.000000000000000222e-01
9.000000000000000222e-01
9.000000000000000222e-01
9.000000000000000222e-01
9.000000000000000222e-01
9.000000000000000222e-01
9.000000000000000222e-01
9.000000000000000222e-01
9.000000000000000222e-01
9.000000000000000222e-01
9.000000000000000222e-01
9.000000000000000222e-01
9.000000000000000222e-01
9.000000000000000222e-01
9.000000000000000222e-01
9.000000000000000222e-01
9.000000000000000222e-01
9.000000000000000222e-01
9.000000000000000222e-01
9.000000000000000222e-01
9.000000000000000222e-01
9.000000000000000222e-01
9.000000000000000222e-01
9.000000000000000222e-01
9.000000000000000222e-01
9.000000000000000222e-01
9.000000000000000222e-01
9.000000000000000222e-01
9.000000000000000222e-01
9.000000000000000222e-01
9.000000000000000222e-01
9.000000000000000222e-01
9.000000000000000222e-01
9.000000000000000222e-01
9.000000000000000222e-01
9.000000000000000222e-01
9.000000000000000222e-01
9.000000000000000222e-01
9.000000000000000222e-01
9.000000000000000222e-01
9.000000000000000222e-01
9.000000000000000222e-01
9.000000000000000222e-01
9.000000000000000222e-01
9.000000000000000222e-01
9.000000000000000222e-01
9.000000000000000222e-01
9.000000000000000222e-01
9.000000000000000222e-01
9.000000000000000222e-01
9.000000000000000222e-01
9.000000000000000222e-01
9.000000000000000222e-01
9.000000000000000222e-01
9.000000000000000222e-01
9.000000000000000222e-01
9.000000000000000222e-01
9.000000000000000222e-01
9.000000000000000222e-01
9.000000000000000222e-01
9.000000000000000222e-01
9.000000000000000222e-01
9.000000000000000222e-01
9.000000000000000222e-01
9.000000000000000222e-01
9.000000000000000222e-01
9.000000000000000222e-01
9.000000000000000222e-01
9.000000000000000222e-01
9.000000000000000222e-01
9.000000000000000222e-01
9.000000000000000222e-01
9.000000000000000222e-01
9.000000000000000222e-01
9.000000000000000222e-01
9.000000000000000222e-01
9.000000000000000222e-01
9.000000000000000222e-01
9.000000000000000222e-01
9.000000000000000222e-01
9.000000000000000222e-01
9.000000000000000222e-01
9.000000000000000222e-01
9.000000000000000222e-01
9.000000000000000222e-01
9.000000000000000222e-01
9.000000000000000222e-01
9.000000000000000222e-01
9.000000000000000222e-01
9.000000000000000222e-01
9.000000000000000222e-01
9.000000000000000222e-01
9.000000000000000222e-01
9.000000000000000222e-01
9.000000000000000222e-01
9.000000000000000222e-01
9.000000000000000222e-01
9.000000000000000222e-01
9.000000000000000222e-01
9.000000000000000222e-01
9.000000000000000222e-01
9.000000000000000222e-01
9.000000000000000222e-01
9.000000000000000222e-01
9.000000000000000222e-01
9.000000000000000222e-01
9.000000000000000222e-01
9.000000000000000222e-01
9.000000000000000222e-01
9.000000000000000222e-01
9.000000000000000222e-01
9.000000000000000222e-01
9.000000000000000222e-01
9.000000000000000222e-01
9.000000000000000222e-01
9.000000000000000222e-01
9.000000000000000222e-01
9.000000000000000222e-01
9.000000000000000222e-01
9.000000000000000222e-01
9.000000000000000222e-01
9.000000000000000222e-01
9.000000000000000222e-01
9.000000000000000222e-01
9.000000000000000222e-01
9.000000000000000222e-01
9.000000000000000222e-01
9.000000000000000222e-01
9.000000000000000222e-01
9.000000000000000222e-01
9.000000000000000222e-01
9.000000000000000222e-01
9.000000000000000222e-01
9.000000000000000222e-01
9.000000000000000222e-01
9.000000000000000222e-01
9.000000000000000222e-01
9.000000000000000222e-01
9.000000000000000222e-01
9.000000000000000222e-01
9.000000000000000222e-01
9.000000000000000222e-01
9.000000000000000222e-01
9.000000000000000222e-01
9.000000000000000222e-01
9.000000000000000222e-01
9.000000000000000222e-01
9.000000000000000222e-01
9.000000000000000222e-01
9.000000000000000222e-01
9.000000000000000222e-01
9.000000000000000222e-01
9.000000000000000222e-01
9.000000000000000222e-01
9.000000000000000222e-01
4.423824649669498843e-01
4.185779563180146434e-01
4.044527135061447565e-01
3.948204784357114416e-01
3.879526250943683419e-01
3.830146571107552189e-01
3.795266460220739768e-01
3.771818779858360227e-01
3.757698630651061800e-01
3.751384986475232441e-01
3.751734809754289079e-01
3.757862232479957099e-01
3.769063388244696666e-01
3.784767410849201319e-01
3.804503246507044967e-01
3.824257812430841286e-01
3.822768265821129274e-01
3.823584637733662417e-01
3.831303523227376218e-01
3.845201022958398829e-01
3.864691634046699686e-01
3.889294649899004419e-01
3.918610391599244291e-01
3.952302968818199869e-01
3.990087504166341947e-01
4.031720486047710716e-01
4.076992362815961002e-01
4.125721774070371106e-01
4.177750998570206598e-01
4.232942320273925807e-01
4.291175097082492451e-01
4.352343374189656666e-01
4.416353924444342827e-01
4.483124627143358909e-01
4.552583117646191724e-01
4.624665655782145279e-01
4.699316172425137550e-01
4.776485462494897138e-01
4.856130499092028430e-01
4.938213848673739248e-01
5.022703171109053066e-01
5.109570791535497092e-01
5.198793333415691054e-01
5.290351404097644039e-01
5.384229325828311374e-01
5.482076123215050556e-01
9.000000000000000222e-01
9.000000000000000222e-01
9.000000000000000222e-01
9.000000000000000222e-01
9.000000000000000222e-01
9.000000000000000222e-01
9.000000000000000222e-01
9.000000000000000222e-01
9.000000000000000222e-01
9.000000000000000222e-01
9.000000000000000222e-01
9.000000000000000222e-01
9.000000000000000222e-01
9.000000000000000222e-01
9.000000000000000222e-01
9.000000000000000222e-01
9.000000000000000222e-01
9.000000000000000222e-01
9.000000000000000222e-01
9.000000000000000222e-01
9.000000000000000222e-01
9.000000000000000222e-01
9.000000000000000222e-01
9.000000000000000222e-01
9.000000000000000222e-01
9.000000000000000222e-01
9.000000000000000222e-01
9.000000000000000222e-01
9.000000000000000222e-01
9.000000000000000222e-01
9.000000000000000222e-01
9.000000000000000222e-01
9.000000000000000222e-01
9.000000000000000222e-01
9.000000000000000222e-01
9.000000000000000222e-01
9.000000000000000222e-01
9.000000000000000222e-01
9.000000000000000222e-01
9.000000000000000222e-01
9.000000000000000222e-01
9.000000000000000222e-01
9.000000000000000222e-01
9.000000000000000222e-01
9.000000000000000222e-01
9.000000000000000222e-01
9.000000000000000222e-01
9.000000000000000222e-01
9.000000000000000222e-01
9.000000000000000222e-01
9.000000000000000222e-01
