0.000000000000000000e+00 0.000000000000000000e+00
-5.433110503753468823e-01 7.178832519641804577e-01
-5.263373578808954178e-01 7.314854802646355569e-01
-5.093584146797742740e-01 7.451410752740397214e-01
-4.923742389109249107e-01 7.588500527891648417e-01
-4.753848487467310924e-01 7.726124284221671523e-01
-4.583902623912229357e-01 7.864282176016554882e-01
-4.413904980782936138e-01 8.002974355737781931e-01
-4.243855740699534751e-01 8.142200974033038108e-01
-4.073755086545969850e-01 8.281962179747155428e-01
-3.903603201452972016e-01 8.422258119933100362e-01
-3.733400268781296716e-01 8.563088939862967264e-01
-3.563146472105057638e-01 8.704454783039103916e-01
-3.392841995195429727e-01 8.846355791205215979e-01
-3.222487022004482116e-01 8.988792104357564705e-01
-3.052081736649396304e-01 9.131763860756091367e-01
-2.881626323396611067e-01 9.275271196935828133e-01
-2.711120966646510255e-01 9.419314247718082456e-01
-2.540565850918314883e-01 9.563893146221668085e-01
-2.369961160834749836e-01 9.709008023874547977e-01
-2.199307081107679807e-01 9.854659010424871024e-01
-2.028603796523215652e-01 1.000084623395267380e+00
-1.857851491927627885e-01 1.014756982088110160e+00
-1.687050352213130266e-01 1.029482989598794251e+00
-1.516200562303876564e-01 1.044262658241720043e+00
-1.345302307142522413e-01 1.059096000169034379e+00
-1.174355771676517390e-01 1.073983027371803622e+00
-1.003361140844959976e-01 1.088923751681152963e+00
-8.323185995654580616e-02 1.103918184769425714e+00
-6.612283327215151552e-02 1.118966338151317297e+00
-4.900905251494180881e-02 1.134068223185067614e+00
-3.189053616262782498e-02 1.149223851073574387e+00
-1.476730268575598970e-02 1.164433232865566881e+00
2.360629453497464780e-03 1.179696379456760980e+00
1.949324180249789595e-02 1.195013301591002497e+00
3.663051591933552675e-02 1.210384009861436017e+00
5.377243337394632672e-02 1.225808514711636876e+00
7.091897574926464554e-02 1.241286826436786894e+00
8.807012464231245286e-02 1.256818955184809017e+00
1.052258616652751444e-01 1.272404910957507740e+00
1.223861684466126531e-01 1.288044703611753494e+00
1.395510266320671988e-01 1.303738342860592869e+00
1.567204178857145580e-01 1.319485838274410128e+00
1.738943238909634870e-01 1.335287199282058967e+00
1.910727263515873409e-01 1.351142435172035583e+00
2.082556069926534414e-01 1.367051555093574677e+00
2.254429475615201683e-01 1.383014568057819416e+00
2.426347298287542253e-01 1.399031482938934312e+00
2.598309355890804362e-01 1.415102308475258974e+00
2.770315466622703671e-01 1.431227053270420102e+00
2.942365448940310602e-01 1.447405725794456588e+00
3.114459121569154165e-01 1.463638334384975259e+00
3.286596303511079009e-01 1.479924887248207144e+00
3.458776814053514670e-01 1.496265392460202737e+00
3.631000472777092813e-01 1.512659857967888266e+00
3.803267099564106024e-01 1.529108291590211000e+00
3.975576514606034007e-01 1.545610701019209721e+00
4.147928538411699284e-01 1.562167093821154040e+00
4.320322991814937730e-01 1.578777477437647958e+00
4.492759695981473067e-01 1.595441859186674138e+00
4.665238472416921578e-01 1.612160246263748764e+00
4.837759142973562243e-01 1.628932645742974028e+00
5.010321529857264533e-01 1.645759064578115494e+00
5.182925455634911360e-01 1.662639509603733190e+00
5.355570743240174458e-01 1.679573987536169488e+00
5.528290432732982929e-01 1.696559128254699456e+00
5.701068029677907045e-01 1.713596621960615130e+00
5.873910834804041414e-01 1.730685734279381549e+00
6.046829091718928240e-01 1.747825442862341649e+00
6.219836977610921913e-01 1.765014342036040240e+00
6.392953858124035271e-01 1.782250522646001700e+00
6.566205850343035388e-01 1.799531423207680225e+00
6.739627735372133444e-01 1.816853648812425615e+00
6.913265255073817173e-01 1.834212755004292816e+00
7.087177814936176379e-01 1.851602995155278819e+00
7.261441595605353516e-01 1.869017031819317776e+00
7.436153048459049897e-01 1.886445615208446558e+00
7.611432715280344041e-01 1.903877235331402185e+00
7.787429268850524222e-01 1.921297758419378887e+00
7.964323621279709720e-01 1.938690062905971345e+00
8.142332892353237872e-01 1.956033695193256872e+00
8.321713974546000037e-01 1.973304570381796186e+00
8.502766379285622289e-01 1.990474747618321549e+00
8.685834006255092055e-01 2.007512313183524633e+00
8.871305450461288711e-01 2.024381406307969034e+00
9.059612457185165502e-01 2.041042422370084708e+00
9.251226159015841777e-01 2.057452425054249190e+00
9.446650787016185324e-01 2.073565792826659315e+00
9.646414642596454758e-01 2.089335115527052089e+00
9.851058247921452571e-01 2.104712344064610718e+00
1.006111975711316608e+00 2.119650180570909370e+00
1.027711790064962827e+00 2.134103678684386995e+00
1.049953293979801527e+00 2.148032005050421134e+00
1.072878631178488140e+00 2.161400295038763630e+00
1.096521983235692055e+00 2.174181519717844679e+00
1.120907547522674852e+00 2.186358268643570302e+00
1.146047688099666395e+00 2.197924342681659926e+00
1.172013211960237111e+00 2.208958280768516413e+00
1.202125206190872486e+00 2.222811879606881647e+00
1.234774278471383102e+00 2.237623322145489979e+00
1.268008793282244584e+00 2.251382792362361052e+00
1.301748301201124614e+00 2.264130942515520495e+00
1.335900560358951772e+00 2.275923294686728937e+00
1.370363905321945186e+00 2.286829200038843268e+00
1.405030057321294379e+00 2.296930217304725907e+00
1.439787243692492336e+00 2.306317972409363648e+00
1.474523473336781798e+00 2.315091593836425599e+00
1.509129804558442700e+00 2.323354845262805668e+00
1.543503442703948458e+00 2.331213095836455196e+00
1.577550517532139596e+00 2.338770277683087428e+00
1.611188413043748824e+00 2.346125979058763189e+00
1.644347553551322338e+00 2.353372810202860155e+00
1.676972586342027949e+00 2.360594158467884007e+00
1.708521451315202277e+00 2.367498585815179801e+00
1.737756921920917685e+00 2.373340169208065564e+00
1.766250245210069014e+00 2.379457484618999086e+00
1.794140016823614125e+00 2.385993508723918133e+00
1.821431280671152120e+00 2.392963819668484593e+00
1.848138463294048961e+00 2.400372206842264156e+00
1.874283795021385535e+00 2.408212056519890343e+00
1.899895661172874117e+00 2.416467942129987723e+00
1.925006970961473884e+00 2.425117315887916458e+00
1.949653618458634607e+00 2.434132206244346897e+00
1.973873093603264461e+00 2.443480838684744860e+00
1.997703283434360655e+00 2.453129114180324422e+00
2.021152891482355773e+00 2.463024490666475330e+00
2.043657156470949587e+00 2.472773757177139764e+00
2.065619378470151979e+00 2.482620430622840768e+00
2.087325932826197938e+00 2.492704834842759176e+00
2.108803961526123594e+00 2.502994909362319387e+00
2.130078311627801924e+00 2.513460958883347196e+00
2.151171563465633874e+00 2.524075718414472203e+00
2.172104134041193735e+00 2.534814304026205889e+00
2.192894429584810734e+00 2.545654082928225925e+00
2.213559024853159585e+00 2.556574493397396175e+00
2.234112851004145917e+00 2.567556840517146277e+00
2.254569378384679634e+00 2.578584088369140215e+00
2.274940784889023959e+00 2.589640663813727706e+00
2.295238104410162627e+00 2.600712281764515410e+00
2.315471353131045795e+00 2.611785797236584550e+00
2.336262576415321757e+00 2.621809657500428159e+00
2.363859679891388232e+00 2.620052415504962262e+00
2.390835277857225716e+00 2.619008627430734926e+00
2.417207195379508455e+00 2.618672661650572220e+00
2.443000659979659428e+00 2.619025571790667417e+00
2.468246633043110094e+00 2.620037371559097661e+00
2.492980171290652525e+00 2.621669401301721436e+00
2.517238886276941479e+00 2.623876669249203264e+00
2.541061554349247409e+00 2.626610068829649869e+00
2.564486913612833874e+00 2.629818394321477903e+00
2.587552668720204618e+00 2.633450099828591462e+00
2.610294709978160377e+00 2.637454768894094137e+00
2.632746541099918236e+00 2.641784282543180318e+00
2.654938900363478016e+00 2.646393691076200927e+00
2.676899553132013221e+00 2.651241808861640958e+00
2.698653229560605382e+00 2.656291561450196959e+00
2.720221679583637364e+00 2.661510120637128551e+00
2.741623817548313191e+00 2.666868865999903804e+00
2.762875930669040692e+00 2.672343211473670266e+00
2.783991928351015499e+00 2.677912333336964323e+00
2.804983612925225689e+00 2.683558832224018698e+00
2.825860956070088470e+00 2.689268357080912164e+00
2.846632368860640749e+00 2.695029213882326857e+00
2.867304956764324952e+00 2.700831976862346107e+00
2.887884753848070751e+00 2.706669115309507490e+00
2.908376932903480316e+00 2.712534644847321097e+00
2.928041695509298936e+00 2.718172286135882132e+00
2.946135445733941260e+00 2.723402401595024447e+00
2.964157642641706225e+00 2.728880162093538786e+00
2.982152721175972410e+00 2.734621235327823197e+00
3.000118279582316472e+00 2.740624676895963674e+00
3.018055098087388810e+00 2.746882871441820750e+00
3.035962198184598559e+00 2.753392296601482325e+00
3.053838758019743249e+00 2.760149303493648176e+00
3.071684149077713588e+00 2.767150051018558710e+00
3.089497964674973840e+00 2.774390461858985191e+00
3.107280041120142666e+00 2.781866196459411356e+00
3.125030471796024667e+00 2.789572642837216065e+00
3.142749614254171764e+00 2.797504920613265167e+00
3.160438090425705671e+00 2.805657897791456801e+00
3.178096780148702560e+00 2.814026218783479028e+00
3.195726808355716209e+00 2.822604342061314942e+00
3.213329526429771654e+00 2.831386585677801548e+00
3.230906491201413822e+00 2.840367173717703864e+00
3.248459435076712865e+00 2.849540295208235818e+00
3.265990225981300288e+00 2.858900176767771750e+00
3.283500842319898361e+00 2.868441123992445441e+00
3.300993337894905011e+00 2.878157577236605036e+00
3.318469806663435495e+00 2.888044163826710697e+00
3.335932348647415058e+00 2.898095744780607497e+00
3.353383037955997903e+00 2.908307454868809483e+00
3.370823893752483258e+00 2.918674735166815637e+00
3.388256854835666410e+00 2.929193357585480495e+00
3.405683757418120461e+00 2.939859442660831323e+00
3.423106318274073967e+00 2.950669467652484279e+00
3.440526122225026739e+00 2.961620267296085629e+00
3.457944613684088342e+00 2.972709028185108071e+00
3.475363092182589320e+00 2.983933277363684855e+00
3.492782711442687038e+00 2.995290866213745851e+00
3.510204481446920877e+00 3.006779950801139911e+00
3.527629272876458444e+00 3.018398969870063731e+00
3.545057823243186856e+00 3.030146621649409955e+00
3.562490744023633304e+00 3.042021840566984547e+00
3.579928528112400699e+00 3.054023774868505736e+00
3.597371556942849935e+00 3.066151766016775415e+00
3.614820106670347588e+00 3.078405330612548507e+00
3.632274352871835532e+00 3.090784145438636443e+00
3.649747879797546890e+00 3.103269175136187830e+00
3.667200148171180452e+00 3.115916969512870782e+00
3.684671558006543002e+00 3.128671050656878005e+00
3.702148378204415113e+00 3.141550523294279973e+00
3.719630270764066715e+00 3.154555774966858017e+00
3.737116772751274407e+00 3.167687345876466942e+00
3.754607281659012585e+00 3.180945941425709300e+00
3.772101037793843759e+00 3.194332447989914225e+00
3.789597103951561241e+00 3.207847951379628970e+00
3.807094342768668760e+00 3.221493757332869023e+00
3.824591392260937361e+00 3.235271413261961548e+00
3.842086640183013380e+00 3.249182730377915718e+00
3.859578196502908121e+00 3.263229807056104104e+00
3.877063866564028682e+00 3.277415050169478317e+00
3.894541129714083727e+00 3.291741188611950530e+00
3.912007115190133000e+00 3.306211289508842466e+00
3.929458582490575225e+00 3.320828768186123714e+00
3.946891905631885411e+00 3.335597392978051356e+00
3.964303061215677104e+00 3.350521285253224235e+00
3.981687622979418251e+00 3.365604911760279094e+00
3.999040761321703830e+00 3.380853071492779804e+00
4.016357247864844382e+00 3.396270877301859947e+00
4.033631465169814412e+00 3.411863732410601813e+00
4.050857420997592939e+00 3.427637302801909591e+00
4.068028766179279998e+00 3.443597486769910176e+00
4.085138814827136144e+00 3.459750383218843428e+00
4.102180565295075354e+00 3.476102260561233503e+00
4.119345694719273254e+00 3.492797017330606213e+00
4.136813183853702114e+00 3.509931750707631526e+00
4.154200420855910458e+00 3.527176137221100571e+00
4.171490612958543842e+00 3.544529135205018111e+00
4.188673728163099241e+00 3.562001930471099698e+00
4.205744272079314783e+00 3.579600645076176146e+00
4.222694292709045172e+00 3.597334142474982954e+00
4.239515435421786549e+00 3.615211734519830689e+00
4.256198844261261272e+00 3.633243291516682572e+00
4.272735038725891776e+00 3.651439379628326432e+00
4.289113765274919388e+00 3.669811426454518966e+00
4.305323823866448407e+00 3.688371914443362876e+00
4.321352871245749405e+00 3.707134600212393050e+00
4.337187204530828843e+00 3.726114755818349611e+00
4.352811530927210626e+00 3.745329425466852324e+00
4.368208732151726004e+00 3.764797688088776795e+00
4.383359635314754144e+00 3.784540912676707336e+00
4.398242805493463692e+00 3.804582989391534831e+00
4.412834378839943561e+00 3.824950515425284969e+00
4.427107958531615317e+00 3.845672910745820960e+00
4.441034598827993563e+00 3.866782435556714415e+00
4.454582904509750030e+00 3.888314079066757856e+00
4.467719273557358761e+00 3.910305288520207867e+00
4.480408309583285842e+00 3.932795508943618401e+00
4.492613426811518984e+00 3.955825508218307363e+00
4.504297663962261389e+00 3.979436469270873911e+00
4.515424714082124424e+00 4.003668841567149528e+00
4.525960165243379407e+00 4.028560957609159665e+00
4.535872932494893206e+00 4.054147436349419209e+00
4.545136845181991347e+00 4.080457413568911562e+00
4.553732336789096280e+00 4.107512658176003306e+00
4.561648168095415734e+00 4.135325651616530429e+00
4.574966303048788596e+00 4.157114711992901945e+00
4.591654128155111536e+00 4.175146644463309187e+00
4.608176512951774662e+00 4.193363336484098980e+00
4.624520481313570741e+00 4.211779243329642597e+00
4.640671745040366503e+00 4.230410281836435971e+00
4.656614454760327426e+00 4.249274107956950708e+00
4.672330960874267802e+00 4.268390383081463568e+00
4.687801608391217734e+00 4.287781002538962660e+00
4.703004593632351238e+00 4.307470255093793554e+00
4.717915913725271970e+00 4.327484878976874505e+00
4.732509441023054819e+00 4.347853978644923068e+00
4.746757153531489415e+00 4.368608767639412527e+00
4.760629548664760513e+00 4.389782107118437970e+00
4.774096260874367559e+00 4.411407817192231740e+00
4.787126893827828411e+00 4.433519749198317150e+00
4.799692065044741440e+00 4.456150621285851265e+00
4.811764645743289215e+00 4.479330636572270485e+00
4.823321161947580649e+00 4.503085921745960007e+00
4.834343305809638558e+00 4.527436843039934544e+00
4.844819489997552964e+00 4.552396274436414814e+00
4.854746364429989747e+00 4.577967908074374925e+00
4.864130205133248452e+00 4.604144707408659443e+00
4.872988080939353317e+00 4.630907608172689649e+00
4.881348706189228892e+00 4.658224569451546060e+00
4.889252897135289544e+00 4.686050066534473757e+00
4.896753566335452668e+00 4.714325098700109073e+00
4.904022417803592937e+00 4.743066316034439289e+00
4.931570370488725708e+00 4.750985052220775273e+00
4.959681995694725565e+00 4.758533155083759070e+00
4.987194564501536753e+00 4.766573640370507903e+00
5.014077683192340373e+00 4.775150922657704022e+00
5.040314908559800244e+00 4.784294442162466687e+00
5.065903032610554746e+00 4.794019063638768507e+00
5.090850946614786210e+00 4.804325976196672343e+00
5.115178176685915012e+00 4.815204006779747026e+00
5.138913191778099687e+00 4.826631245809205772e+00
5.162091586311765568e+00 4.838576877228536688e+00
5.184754234308983634e+00 4.851003106461289072e+00
5.206945501132747012e+00 4.863867087655708410e+00
5.228711584155293579e+00 4.877122764635917207e+00
5.250099036546038711e+00 4.890722556585139102e+00
5.271153510433246758e+00 4.904618837956506106e+00
5.291918738351776064e+00 4.918765180850630969e+00
5.312435756267126052e+00 4.933117345751613314e+00
5.332742353192777784e+00 4.947634028412033480e+00
5.352872734150861511e+00 4.962277368902228147e+00
5.372857370150621925e+00 4.977013245499092520e+00
5.392722995877299752e+00 4.991811393553124532e+00
5.412492720008866165e+00 5.006645386131766351e+00
5.432186181429115024e+00 5.021492555425186133e+00
5.451817183792626587e+00 5.036337145998373011e+00
5.471401094802937237e+00 5.051160982320697990e+00
5.490948628404260567e+00 5.065951469775056282e+00
5.510468086265961851e+00 5.080698843456453950e+00
5.541625585804971443e+00 5.080050208835958259e+00
5.573224416827992300e+00 5.078538020822137788e+00
5.604212665094453705e+00 5.077549646305133280e+00
5.634555858243603055e+00 5.077143529809876377e+00
5.664232515586558492e+00 5.077362118682984260e+00
5.693233122841452776e+00 5.078232721525186122e+00
5.721558794408559301e+00 5.079768829261553265e+00
5.749219728727054779e+00 5.081971775340795361e+00
5.776233561266078453e+00 5.084832606171191038e+00
5.802623711694030462e+00 5.088334036990922016e+00
5.828417808211063367e+00 5.092452380529022271e+00
5.853646254677975946e+00 5.097159354111347795e+00
5.878340986878479946e+00 5.102423693095829549e+00
5.902534444769337973e+00 5.108212522437279191e+00
5.926258769420145178e+00 5.114492461709194693e+00
5.949545217692349119e+00 5.121230460309504018e+00
5.972423775335856888e+00 5.128394377557167871e+00
5.994922940462220851e+00 5.135953336140127945e+00
6.016322858458343248e+00 5.143469962778874027e+00
6.033491371537385461e+00 5.149248983000893176e+00
6.050135665375810490e+00 5.155754590714449748e+00
6.066857706779829940e+00 5.163372001507731568e+00
6.083636198922421912e+00 5.172065076643867165e+00
6.100453486672385850e+00 5.181799103820236674e+00
6.117295322791223455e+00 5.192540791503436282e+00
6.134150624775459804e+00 5.204258274841779830e+00
6.151011214525966331e+00 5.216921138587980344e+00
6.167871537313102337e+00 5.230500456565238210e+00
6.184728360658081847e+00 5.244968843209167453e+00
6.201580457297787063e+00 5.260300510459563483e+00
6.218428279048008100e+00 5.276471322486374405e+00
6.235273630003751677e+00 5.293458841086564171e+00
6.252119348120014131e+00 5.311242355739357102e+00
6.268969003913492877e+00 5.329802893937729102e+00
6.285823730684846566e+00 5.349125605259185789e+00
6.302691308769087897e+00 5.369191885459215996e+00
6.319575926520728082e+00 5.389987903209418008e+00
6.336481409468095904e+00 5.411501520509855112e+00
6.353411296760396176e+00 5.433722024422280583e+00
6.370368745279938238e+00 5.456640023333249268e+00
6.387356438614633980e+00 5.480247354560059847e+00
6.404376525783403551e+00 5.504536984191908289e+00
6.421430582828186573e+00 5.529502905067242402e+00
6.438519589542711863e+00 5.555140038299793304e+00
6.455643912418699060e+00 5.581444143597240171e+00
6.472803281850683987e+00 5.608411744654263842e+00
6.489996741958212745e+00 5.636040080873081948e+00
6.507223149263054118e+00 5.664326730873237459e+00
6.524895376431110172e+00 5.693493517235006074e+00
6.542864829954468497e+00 5.723808882294395772e+00
6.560957036055622638e+00 5.754141135071363600e+00
6.579033404041579658e+00 5.784544983540745200e+00
6.597090907364075996e+00 5.815022168897483468e+00
6.615125439638389615e+00 5.845575059883456603e+00
6.633131710827914418e+00 5.876206708052092331e+00
6.651103134217101420e+00 5.906920907820471633e+00
6.669031711417670927e+00 5.937722256963582801e+00
6.686907924415153026e+00 5.968616212236140584e+00
6.704720645329402373e+00 5.999609133911472547e+00
6.722457075996392639e+00 6.030708312284235539e+00
6.740102730514291096e+00 6.061921968686735163e+00
6.757641474353577316e+00 6.093259223419762449e+00
6.775055633323419535e+00 6.124730023297995984e+00
6.792326184446041637e+00 6.156345022347453622e+00
6.809433038485532386e+00 6.188115410634179803e+00
6.826355420842723731e+00 6.220052688042633449e+00
6.843072345874838369e+00 6.252168386618846441e+00
6.859563197134480816e+00 6.284473734961659730e+00
6.875808391814526743e+00 6.316979277975691254e+00
6.891790110334292230e+00 6.349694463567683300e+00
6.907493070722887651e+00 6.382627208423198972e+00
6.922905317455130714e+00 6.415783460546211181e+00
6.938018989105106726e+00 6.449166778998286276e+00
6.952831025507872020e+00 6.482777953056819698e+00
6.967343773567739262e+00 6.516614683554328380e+00
6.981565451816169166e+00 6.550671348261532856e+00
6.995510437534633752e+00 6.584938870733243910e+00
7.009199342159140755e+00 6.619404710660629299e+00
7.022658854248785332e+00 6.654052985823440736e+00
7.035918594216401978e+00 6.688861413700063707e+00
7.048986073997644652e+00 6.723773588009408719e+00
7.061925057825678032e+00 6.758809762110720598e+00
7.074789594949924876e+00 6.793960631323084698e+00
7.087626601714893226e+00 6.829199763055596506e+00
7.100483754251419199e+00 6.864500582507435666e+00
7.113408153612053475e+00 6.899837116339025300e+00
7.126444999927771029e+00 6.935184719542032639e+00
7.139636329938786830e+00 6.970520755773725874e+00
7.153019861485027775e+00 7.005825207983555458e+00
7.166627937516227398e+00 7.041081224703098940e+00
7.180483303561736363e+00 7.076277394381158992e+00
7.194608198673901001e+00 7.111402701659333303e+00
7.209014968586368255e+00 7.146451643427034206e+00
7.223708695964484505e+00 7.181422725982817390e+00
7.238687209286167601e+00 7.216318408291722442e+00
7.253941241490061032e+00 7.251144965046403712e+00
7.269454699323424585e+00 7.285912292072793228e+00
7.285205000880651482e+00 7.320633678011825296e+00
7.301163439227345897e+00 7.355325565499851059e+00
7.317295534222782116e+00 7.390007322336721529e+00
7.333561342378857262e+00 7.424701038582277590e+00
7.349915705282628053e+00 7.459431359500675818e+00
7.366308430010153785e+00 7.494225357210357430e+00
7.382684409163613459e+00 7.529112436306055756e+00
7.399049315442739250e+00 7.564216390737914963e+00
7.416156697107803453e+00 7.600687813027158235e+00
7.433373380707538836e+00 7.637345764375508494e+00
7.450361839463318425e+00 7.673726256523812239e+00
7.467051327220505463e+00 7.709878972809677933e+00
7.483369386381649946e+00 7.745857654006130133e+00
7.499242909950173619e+00 7.781719804913159066e+00
7.514599511795045927e+00 7.817526191924236478e+00
7.529369220657585515e+00 7.853340098495356969e+00
7.543488104820760931e+00 7.889228454441529870e+00
7.558145940185538869e+00 7.926889122010102540e+00
7.573432502455463400e+00 7.966100426922672284e+00
7.588396933402287381e+00 8.005338167123483117e+00
7.603110534042319735e+00 8.044725578347300399e+00
7.617679237114582058e+00 8.084384376759491175e+00
7.632247983483423148e+00 8.124430920455154137e+00
7.647004545000031683e+00 8.164971566272367198e+00
7.662144330351154942e+00 8.206058618830093465e+00
7.672421612934801516e+00 8.242383092323214200e+00
7.678441106540694783e+00 8.275341603571183313e+00
7.683855685672525304e+00 8.308882478351648615e+00
7.688770208919306626e+00 8.342920692619928857e+00
7.693304284063911425e+00 8.377355793627975444e+00
7.697589393345009690e+00 8.412074145090642219e+00
7.701765126915958604e+00 8.446952076723679426e+00
7.705975950963713572e+00 8.481858636589675982e+00
7.710366778263320064e+00 8.516659562592469257e+00
7.715078837265274103e+00 8.551221103384230915e+00
7.720245691679567202e+00 8.585413823805726707e+00
7.725989598980333106e+00 8.619116213778383440e+00
7.732418374979526554e+00 8.652217931888261049e+00
7.739622899523403099e+00 8.684622538334952679e+00
7.747675358083554897e+00 8.716249604523692796e+00
7.756628268829294903e+00 8.747036125680761387e+00
7.766514298260836391e+00 8.776937205300328060e+00
7.777346824211695875e+00 8.805926022666158204e+00
7.789121166166833810e+00 8.833993133953171650e+00
7.801816371939583661e+00 8.861145190786968939e+00
7.815397428480199693e+00 8.887403185547908535e+00
7.829817753731490804e+00 8.912800348928602290e+00
7.845021825814382233e+00 8.937379831896276272e+00
7.860947814431428426e+00 8.961192301733046151e+00
7.877530095567697899e+00 8.984293571378865195e+00
7.894701552260931621e+00 9.006742364556920677e+00
7.911933745784450522e+00 9.028181539543647105e+00
7.926253860669978835e+00 9.046070413478448202e+00
7.940288303893062505e+00 9.063065765095888793e+00
7.954656896014125955e+00 9.079868101504676048e+00
7.969313527453381063e+00 9.096531817712142143e+00
7.984216298087233987e+00 9.113105413193066440e+00
7.999327797098874981e+00 9.129631435292681729e+00
8.014615167744739921e+00 9.146146638431254416e+00
8.030049998241977960e+00 9.162682307302965512e+00
8.045608080525129324e+00 9.179264694801023694e+00
8.061269079024297568e+00 9.195915527898552710e+00
8.077016143044284391e+00 9.212652545694696826e+00
8.092835481487830052e+00 9.229490050087969522e+00
8.108715944290702637e+00 9.246439426346521273e+00
8.124648619908635183e+00 9.263509626279690323e+00
8.140626461941273817e+00 9.280707603627636360e+00
8.156643953082973297e+00 9.298038696414156590e+00
8.172696810530457157e+00 9.315506955045577797e+00
8.188781733830282406e+00 9.333115417890518017e+00
8.204896193956932038e+00 9.350866337971707409e+00
8.221038261364604693e+00 9.368761365147326714e+00
8.237206472130269574e+00 9.386801686693960534e+00
8.253399751815077678e+00 9.404988110761442144e+00
8.269619244719224938e+00 9.423319459893459538e+00
8.285861106963119838e+00 9.441798973935735972e+00
8.302125069475271957e+00 9.460426684600793834e+00
8.318410865801826759e+00 9.479202620495998488e+00
8.334718232118090597e+00 9.498126807216124234e+00
8.351046907236728600e+00 9.517199267432555843e+00
8.367396632615367480e+00 9.536420020982054879e+00
8.384548961646810739e+00 9.556653853167899726e+00
8.403416708833633564e+00 9.578859107716626298e+00
8.422347495662535266e+00 9.601083383573074670e+00
8.441281388165375432e+00 9.623255961855944562e+00
8.460218401045848324e+00 9.645376841604580420e+00
8.479158549066450945e+00 9.667446021797978517e+00
8.498101847048639357e+00 9.689463501354278918e+00
8.517048309872736311e+00 9.711429279129975001e+00
8.535997952477698547e+00 9.733343353918957774e+00
8.554950789861470284e+00 9.755205724452231664e+00
8.573906837080564003e+00 9.777016389396736784e+00
8.592866109249991169e+00 9.798775347354611753e+00
8.611828621543667239e+00 9.820482596862932567e+00
8.630794389193660265e+00 9.842138136392200920e+00
8.649763427490544387e+00 9.863741964346049329e+00
8.668735751783355425e+00 9.885294079060507499e+00
8.687711377479097052e+00 9.906794478802767756e+00
8.706690320043067643e+00 9.928243161770865299e+00
8.725672594998515663e+00 9.949640126092615944e+00
8.744658217926639665e+00 9.970985369824928668e+00
8.763647204466217033e+00 9.992278890952730919e+00
8.782639570313964583e+00 1.001352068738867374e+01
8.801635331223788938e+00 1.003471075697163961e+01
8.820634503007150684e+00 1.005584909746646183e+01
8.839637101532680674e+00 1.007693570656283555e+01
8.858643142725943775e+00 1.009797058187439056e+01
8.877652642569620056e+00 1.011895372093820455e+01
8.896665617102708978e+00 1.013988512121329322e+01
8.915682082421069410e+00 1.016076478008051609e+01
8.934702054676748162e+00 1.018159269484117857e+01
8.953725550077876960e+00 1.020236886271627696e+01
8.972752584888535665e+00 1.022309328084568492e+01
8.991783175428446739e+00 1.024376594628716752e+01
9.010817338072863336e+00 1.026438685601560863e+01
9.029855089252233569e+00 1.028495600692199829e+01
9.048896445452044190e+00 1.030547339581261390e+01
9.067941423212340979e+00 1.032593901940787617e+01
9.086990039127828211e+00 1.034635287434179851e+01
9.106042309847262928e+00 1.036671495716071512e+01
9.125098252073392757e+00 1.038702526432257400e+01
9.144157882562579331e+00 1.040728379219590849e+01
9.163221218124412815e+00 1.042749053705879625e+01
9.182288275621576901e+00 1.044764549509810436e+01
9.201359071969452685e+00 1.046774866240843060e+01
9.220433624135598194e+00 1.048780003499096836e+01
9.239511949139746605e+00 1.050779960875287067e+01
9.258594064053250250e+00 1.052774737950606543e+01
9.277679985998654288e+00 1.054764334296621442e+01
9.296769732149535059e+00 1.056748749475192639e+01
9.315863319729862368e+00 1.058727983038352782e+01
9.334960766013853828e+00 1.060702034528229554e+01
9.354062088325342472e+00 1.062670903476923279e+01
