0.000000000000000000e+00 0.000000000000000000e+00
1.821493624772313469e-02 1.454224907369961600e-02
3.642987249544626938e-02 2.913724440542797209e-02
5.464480874316940406e-02 4.378498599518505785e-02
7.285974499089253875e-02 5.848547384297089757e-02
9.107468123861567344e-02 7.323870794878545309e-02
1.092896174863388081e-01 8.804468831262876605e-02
1.275045537340619428e-01 1.029034149345008087e-01
1.457194899817850775e-01 1.178148878144015949e-01
1.639344262295082122e-01 1.327791069523311385e-01
1.821493624772313469e-01 1.477960723482893701e-01
2.003642987249544816e-01 1.628657840022763592e-01
2.185792349726776163e-01 1.779882419142921057e-01
2.367941712204007509e-01 1.931634460843366097e-01
2.550091074681238856e-01 2.083913965124097878e-01
2.732240437158470203e-01 2.236720931985117788e-01
2.914389799635701550e-01 2.390055361426425273e-01
3.096539162112932897e-01 2.543917253448018667e-01
3.278688524590164244e-01 2.698306608049900746e-01
3.460837887067395591e-01 2.853223425232069288e-01
3.642987249544626938e-01 3.008667704994525960e-01
3.825136612021858284e-01 3.164639447337269651e-01
4.007285974499089631e-01 3.321138652260300361e-01
4.189435336976320978e-01 3.478165319763619756e-01
4.371584699453552325e-01 3.635719449847225615e-01
4.553734061930783672e-01 3.793801042511119048e-01
4.735883424408015019e-01 3.952410097755300056e-01
4.918032786885246366e-01 4.111546615579768638e-01
5.100182149362477713e-01 4.271210595984522573e-01
5.282331511839708504e-01 4.431402038969565749e-01
5.464480874316940406e-01 4.592120944534897053e-01
5.646630236794172308e-01 4.753367312680515377e-01
5.828779599271403100e-01 4.915141143406420166e-01
6.010928961748633892e-01 5.077442436712611418e-01
6.193078324225865794e-01 5.240271192599091910e-01
6.375227686703097696e-01 5.403627411065858865e-01
6.557377049180328488e-01 5.567511092112913396e-01
6.739526411657559279e-01 5.731922235740255500e-01
6.921675774134791181e-01 5.896860841947884069e-01
7.103825136612023083e-01 6.062326910735802432e-01
7.285974499089253875e-01 6.228320442104007260e-01
7.468123861566484667e-01 6.394841436052498551e-01
7.650273224043716569e-01 6.561889892581276307e-01
7.832422586520948471e-01 6.729465811690343857e-01
8.014571948998179263e-01 6.897569193379696761e-01
8.196721311475410054e-01 7.066200037649337240e-01
8.378870673952641956e-01 7.235358344499265293e-01
8.561020036429873858e-01 7.405044113929482030e-01
8.743169398907104650e-01 7.575257345939985232e-01
8.925318761384335442e-01 7.745998040530774897e-01
9.107468123861567344e-01 7.917266197701855468e-01
9.289617486338799246e-01 8.089061817453219172e-01
9.471766848816030038e-01 8.261384899784871561e-01
9.653916211293260830e-01 8.434235444696811523e-01
9.836065573770492731e-01 8.607613452189041281e-01
1.001821493624772463e+00 8.781518922261555282e-01
1.020036429872495543e+00 8.955951854914355748e-01
1.038251366120218622e+00 9.130912250147447118e-01
1.056466302367941701e+00 9.306400107960822732e-01
1.074681238615665002e+00 9.482415428354489251e-01
1.092896174863388081e+00 9.658958211328441124e-01
1.111111111111111160e+00 9.836028456882678350e-01
1.129326047358834462e+00 1.001362616501720870e+00
1.147540983606557541e+00 1.019175133573201997e+00
1.165755919854280620e+00 1.037040396902712214e+00
1.183970856102003699e+00 1.054958406490251077e+00
1.202185792349726778e+00 1.072929162335818587e+00
1.220400728597450080e+00 1.090952664439415187e+00
1.238615664845173159e+00 1.109028912801039990e+00
1.256830601092896238e+00 1.127157907420693883e+00
1.275045537340619539e+00 1.145339648298376645e+00
1.293260473588342618e+00 1.163574135434087831e+00
1.311475409836065698e+00 1.181861368827827885e+00
1.329690346083788777e+00 1.200201348479596586e+00
1.347905282331511856e+00 1.218594074389394155e+00
1.366120218579235157e+00 1.237039546557220371e+00
1.384335154826958236e+00 1.255537764983075455e+00
1.402550091074681315e+00 1.274088729666959185e+00
1.420765027322404617e+00 1.292692440608871784e+00
1.438979963570127696e+00 1.311348897808812808e+00
1.457194899817850775e+00 1.330058101266782922e+00
1.475409836065573854e+00 1.348820050982781460e+00
1.493624772313296933e+00 1.367634746956809089e+00
1.511839708561020235e+00 1.386502189188865142e+00
1.530054644808743314e+00 1.405422377678949841e+00
1.548269581056466393e+00 1.424395312427063631e+00
1.566484517304189694e+00 1.443420993433206290e+00
1.584699453551912773e+00 1.462499420697377372e+00
1.602914389799635853e+00 1.481630594219577102e+00
1.621129326047358932e+00 1.500814513999805699e+00
1.639344262295082011e+00 1.520051180038062943e+00
1.657559198542805312e+00 1.539340592334349278e+00
1.675774134790528391e+00 1.558682750888664037e+00
1.693989071038251470e+00 1.578077655701007664e+00
1.712204007285974772e+00 1.597525306771379938e+00
1.730418943533697851e+00 1.617025704099781080e+00
1.748633879781420930e+00 1.636578847686210647e+00
1.766848816029144009e+00 1.656179627382800446e+00
1.785063752276867088e+00 1.675583194373762241e+00
1.803278688524590390e+00 1.694654781034149016e+00
1.821493624772313469e+00 1.713394387363960769e+00
1.839708561020036548e+00 1.731802013363197279e+00
1.857923497267759849e+00 1.749877659031858768e+00
1.876138433515482928e+00 1.767621324369944791e+00
1.894353369763206008e+00 1.785033009377456015e+00
1.912568306010929087e+00 1.802112714054391995e+00
1.930783242258652166e+00 1.818860438400752733e+00
1.948998178506375467e+00 1.835276182416538449e+00
1.967213114754098546e+00 1.851359946101749365e+00
1.985428051001821625e+00 1.867111729456384595e+00
2.003642987249544927e+00 1.882531532480445025e+00
2.021857923497267784e+00 1.897619355173929989e+00
2.040072859744991085e+00 1.912375197536840155e+00
2.058287795992714386e+00 1.926832802157322000e+00
2.076502732240437243e+00 1.941108080414365666e+00
2.094717668488160545e+00 1.955210754031140530e+00
2.112932604735883402e+00 1.969140823007644370e+00
2.131147540983606703e+00 1.982898287343878518e+00
2.149362477231330004e+00 1.996483147039842976e+00
2.167577413479052861e+00 2.009895402095537520e+00
2.185792349726776163e+00 2.023135052510961707e+00
2.204007285974499464e+00 2.036202098286116424e+00
2.222222222222222321e+00 2.049096539421000784e+00
2.240437158469945622e+00 2.061818375915614787e+00
2.258652094717668923e+00 2.074367607769959765e+00
2.276867030965391780e+00 2.086746258321431569e+00
2.295081967213115082e+00 2.098998782456265477e+00
2.313296903460837939e+00 2.111143355095908891e+00
2.331511839708561240e+00 2.123179976240362254e+00
2.349726775956284541e+00 2.135108645889625123e+00
2.367941712204007398e+00 2.146929364043697497e+00
2.386156648451730700e+00 2.158642130702579820e+00
2.404371584699453557e+00 2.170246945866271204e+00
2.422586520947176858e+00 2.181743809534772982e+00
2.440801457194900159e+00 2.193132721708084709e+00
2.459016393442623016e+00 2.204413682386205942e+00
2.477231329690346318e+00 2.215586691569136679e+00
2.495446265938069619e+00 2.226651749256877366e+00
2.513661202185792476e+00 2.237608855449427558e+00
2.531876138433515777e+00 2.248458010146787700e+00
2.550091074681239078e+00 2.259199213348957791e+00
2.568306010928961935e+00 2.269832465055936943e+00
2.586520947176685237e+00 2.280357765267726489e+00
2.604735883424408094e+00 2.290775113984325539e+00
2.622950819672131395e+00 2.301084511205734096e+00
2.641165755919854696e+00 2.311285956931953045e+00
2.659380692167577553e+00 2.321379451162981056e+00
2.677595628415300855e+00 2.331364993898819016e+00
2.695810564663023712e+00 2.341242585139466037e+00
2.714025500910747013e+00 2.351012224884923452e+00
2.732240437158470314e+00 2.360673913135190816e+00
2.750455373406193171e+00 2.370227649890267685e+00
2.768670309653916473e+00 2.379673435150154059e+00
2.786885245901639774e+00 2.389011268914850827e+00
2.805100182149362631e+00 2.398241151184357101e+00
2.823315118397085932e+00 2.407363081958672435e+00
2.841530054644809233e+00 2.416377061237797719e+00
2.859744990892532090e+00 2.425283089021732952e+00
2.877959927140255392e+00 2.434081165310478578e+00
2.896174863387978249e+00 2.442771290104032822e+00
2.914389799635701550e+00 2.451353463402397459e+00
2.932604735883424851e+00 2.459827685205571601e+00
2.950819672131147708e+00 2.468193955513555249e+00
2.969034608378871010e+00 2.476452274326348846e+00
2.987249544626593867e+00 2.484602641643951948e+00
3.005464480874317168e+00 2.492645057466365444e+00
3.023679417122040469e+00 2.500653730553541010e+00
3.041894353369763326e+00 2.508780789040219172e+00
3.060109289617486628e+00 2.517030768435236432e+00
3.078324225865209929e+00 2.525403668738591012e+00
3.096539162112932786e+00 2.533899489950284245e+00
3.114754098360656087e+00 2.542518232070315243e+00
3.132969034608379388e+00 2.551259895098684449e+00
3.151183970856102246e+00 2.560124479035391420e+00
3.169398907103825547e+00 2.569111983880437045e+00
3.187613843351548404e+00 2.578222409633819989e+00
3.205828779599271705e+00 2.587455756295541587e+00
3.224043715846995006e+00 2.596812023865600949e+00
3.242258652094717863e+00 2.606291212343998964e+00
3.260473588342441165e+00 2.615893321730734744e+00
3.278688524590164022e+00 2.625618352025807845e+00
3.296903460837887323e+00 2.635466303229220486e+00
3.315118397085610624e+00 2.645437175340970448e+00
3.333333333333333481e+00 2.655530968361058619e+00
3.351548269581056783e+00 2.665747682289484111e+00
3.369763205828780084e+00 2.676087317126249143e+00
3.387978142076502941e+00 2.686549872871351052e+00
3.406193078324226242e+00 2.697135349524791170e+00
3.424408014571949543e+00 2.707843747086569941e+00
3.442622950819672401e+00 2.718675065556686032e+00
3.460837887067395702e+00 2.729629304935140777e+00
3.479052823315118559e+00 2.740706465221933730e+00
3.497267759562841860e+00 2.751906546417064892e+00
3.515482695810565161e+00 2.763229548520533818e+00
3.533697632058288018e+00 2.774675471532340509e+00
3.551912568306011320e+00 2.786244315452486298e+00
3.570127504553734177e+00 2.797936080280968962e+00
3.588342440801457478e+00 2.809750766017789836e+00
3.606557377049180779e+00 2.821688372662949806e+00
3.624772313296903636e+00 2.833748900216447097e+00
3.642987249544626938e+00 2.845932348678283041e+00
3.661202185792350239e+00 2.858238718048456306e+00
3.679417122040073096e+00 2.870668008326968224e+00
3.697632058287796397e+00 2.883220219513817906e+00
3.715846994535519698e+00 2.895895351609006241e+00
3.734061930783242556e+00 2.908693404612531452e+00
3.752276867030965857e+00 2.921614378524395761e+00
3.770491803278688714e+00 2.934658273344597834e+00
3.788706739526412015e+00 2.947825089073137672e+00
3.806921675774135316e+00 2.961114825710016163e+00
3.825136612021858173e+00 2.974527483255232863e+00
3.843351548269581475e+00 2.988063061708787771e+00
3.861566484517304332e+00 3.001721561070679556e+00
3.879781420765027633e+00 3.015502981340910882e+00
3.897996357012750934e+00 3.029407322519479528e+00
3.916211293260473791e+00 3.043434584606385940e+00
3.934426229508197093e+00 3.057584767601631448e+00
3.952641165755920394e+00 3.071857871505214277e+00
3.970856102003643251e+00 3.086253896317135315e+00
3.989071038251366552e+00 3.100772842037394561e+00
4.007285974499089853e+00 3.115414708665992016e+00
4.025500910746813155e+00 3.130179496202927680e+00
4.043715846994535568e+00 3.145067204648200665e+00
4.061930783242258869e+00 3.160077834001812302e+00
4.080145719489982170e+00 3.175211384263762149e+00
4.098360655737705471e+00 3.190467855434049760e+00
4.116575591985428773e+00 3.205847247512675580e+00
4.134790528233151186e+00 3.221349560499638720e+00
4.153005464480874487e+00 3.236974794394940957e+00
4.171220400728597788e+00 3.252722949198580515e+00
4.189435336976321089e+00 3.268594024910559170e+00
4.207650273224044390e+00 3.284588021530875590e+00
4.225865209471766804e+00 3.300704939059529330e+00
4.244080145719490105e+00 3.316944777496522612e+00
4.262295081967213406e+00 3.333266507965055858e+00
4.280510018214936707e+00 3.349590634549730161e+00
4.298724954462660008e+00 3.365915134051374658e+00
4.316939890710383310e+00 3.382240006469987126e+00
4.335154826958105723e+00 3.398565251805568455e+00
4.353369763205829024e+00 3.414890870058119088e+00
4.371584699453552325e+00 3.431216861227639026e+00
4.389799635701275626e+00 3.447543225314126936e+00
4.408014571948998928e+00 3.463869962317585482e+00
4.426229508196721341e+00 3.480197072238012002e+00
4.444444444444444642e+00 3.496524555075407825e+00
4.462659380692167943e+00 3.512852410829773397e+00
4.480874316939891244e+00 3.529180639501107386e+00
4.499089253187614545e+00 3.545509241089409791e+00
4.517304189435337847e+00 3.561838215594681056e+00
4.535519125683060260e+00 3.578167563016922070e+00
4.553734061930783561e+00 3.594497283356131501e+00
4.571948998178506862e+00 3.610827376612310236e+00
4.590163934426230163e+00 3.627157842785458719e+00
4.608378870673953465e+00 3.643488681875575619e+00
4.626593806921675878e+00 3.659819893882661379e+00
4.644808743169399179e+00 3.676151478806716444e+00
4.663023679417122480e+00 3.692483436647741257e+00
4.681238615664845781e+00 3.708815767405733599e+00
4.699453551912569083e+00 3.725148471080695245e+00
4.717668488160291496e+00 3.741481547672626196e+00
4.735883424408014797e+00 3.757814997181525563e+00
4.754098360655738098e+00 3.774148819607395566e+00
4.772313296903461399e+00 3.790483014950233098e+00
4.790528233151184700e+00 3.806817583210040823e+00
4.808743169398907114e+00 3.823152524386816076e+00
4.826958105646630415e+00 3.839487838480561521e+00
4.845173041894353716e+00 3.855823525491275383e+00
4.863387978142077017e+00 3.872159585418958549e+00
4.881602914389800318e+00 3.888496018263610132e+00
4.899817850637523620e+00 3.904832824025232796e+00
4.918032786885246033e+00 3.921170002703822099e+00
4.936247723132969334e+00 3.937507554299381152e+00
4.954462659380692635e+00 3.953845478811909508e+00
4.972677595628415936e+00 3.970183776241406726e+00
4.990892531876139238e+00 3.986522446587873247e+00
5.009107468123861651e+00 4.002861489851308185e+00
5.027322404371584952e+00 4.019200906031712428e+00
5.045537340619308253e+00 4.035540695129085975e+00
5.063752276867031554e+00 4.051880857143427939e+00
5.081967213114754855e+00 4.068221392074740095e+00
5.100182149362478157e+00 4.084562299923019779e+00
5.118397085610200570e+00 4.100903580688268768e+00
5.136612021857923871e+00 4.117245234370487061e+00
5.154826958105647172e+00 4.133587260969673771e+00
5.173041894353370473e+00 4.149929660485830674e+00
5.191256830601093775e+00 4.166272432918956881e+00
5.209471766848816188e+00 4.182615578269050616e+00
5.227686703096539489e+00 4.198959096536114544e+00
5.245901639344262790e+00 4.215302987720146000e+00
5.264116575591986091e+00 4.231647251821147648e+00
5.282331511839709393e+00 4.247991888839118602e+00
5.300546448087431806e+00 4.264336898774057083e+00
5.318761384335155107e+00 4.280674658577884983e+00
5.336976320582878408e+00 4.296938277085499358e+00
5.355191256830601709e+00 4.313112134268504150e+00
5.373406193078325011e+00 4.329196230126901135e+00
5.391621129326047424e+00 4.345190564660687649e+00
5.409836065573770725e+00 4.361095137869864580e+00
5.428051001821494026e+00 4.376909949754432816e+00
5.446265938069217327e+00 4.392635000314391469e+00
5.464480874316940628e+00 4.408270289549740539e+00
5.482695810564663930e+00 4.423815817460482691e+00
5.500910746812386343e+00 4.439271584046611707e+00
5.519125683060109644e+00 4.454637589308132029e+00
5.537340619307832945e+00 4.469913833245045431e+00
5.555555555555556246e+00 4.485100315857349251e+00
5.573770491803279548e+00 4.500197037145041712e+00
5.591985428051001961e+00 4.515203997108124589e+00
5.610200364298725262e+00 4.530121195746599660e+00
5.628415300546448563e+00 4.544948633060466925e+00
5.646630236794171864e+00 4.559686309049721942e+00
5.664845173041895166e+00 4.574334223714370040e+00
5.683060109289618467e+00 4.588892377054406779e+00
5.701275045537340880e+00 4.603360769069833935e+00
5.719489981785064181e+00 4.617739399760653285e+00
5.737704918032787482e+00 4.632028269126863051e+00
5.755919854280510783e+00 4.646227377168462347e+00
5.774134790528234085e+00 4.660336723885453836e+00
5.792349726775956498e+00 4.674356309277834853e+00
5.810564663023679799e+00 4.688286133345607176e+00
5.828779599271403100e+00 4.702126196088769916e+00
5.846994535519126401e+00 4.715876497507323961e+00
5.865209471766849703e+00 4.729537037601267535e+00
5.883424408014572116e+00 4.743107816370602414e+00
5.901639344262295417e+00 4.756588833815327710e+00
5.919854280510018718e+00 4.769980089935444312e+00
5.938069216757742019e+00 4.783281584730951330e+00
5.956284153005465321e+00 4.796493318201848766e+00
5.974499089253187734e+00 4.809615290348136618e+00
5.992714025500911035e+00 4.822647501169814888e+00
6.010928961748634336e+00 4.835589950666884462e+00
6.029143897996357637e+00 4.848442638839346230e+00
6.047358834244080938e+00 4.861205565687196639e+00
6.065573770491804240e+00 4.873878731210438353e+00
6.083788706739526653e+00 4.886462135409069596e+00
6.102003642987249954e+00 4.898955778283092144e+00
6.120218579234973255e+00 4.911359659832505997e+00
6.138433515482696556e+00 4.923673780057311156e+00
6.156648451730419858e+00 4.935993345351299411e+00
6.174863387978142271e+00 4.948842651281865734e+00
6.193078324225865572e+00 4.962301697429046143e+00
6.211293260473588873e+00 4.976370483792842414e+00
6.229508196721312174e+00 4.991049010373254546e+00
6.247723132969035476e+00 5.006337277170281652e+00
6.265938069216758777e+00 5.022235284183924620e+00
6.284153005464481190e+00 5.038743031414180784e+00
6.302367941712204491e+00 5.055860518861054587e+00
6.320582877959927792e+00 5.073587746524542474e+00
6.338797814207651093e+00 5.091924714404646224e+00
6.357012750455374395e+00 5.110871422501364947e+00
6.375227686703096808e+00 5.130427870814699531e+00
6.393442622950820109e+00 5.150594059344648201e+00
6.411657559198543410e+00 5.171369988091213621e+00
6.429872495446266711e+00 5.192755657054394014e+00
6.448087431693990013e+00 5.214751066234189381e+00
6.466302367941712426e+00 5.237356215630599721e+00
6.484517304189435727e+00 5.260571105243625922e+00
6.502732240437159028e+00 5.284395735073267097e+00
6.520947176684882329e+00 5.308830105119523246e+00
6.539162112932605631e+00 5.333874215382396144e+00
6.557377049180328044e+00 5.359528065861882240e+00
6.575591985428051345e+00 5.385791656557984197e+00
6.593806921675774646e+00 5.412664987470702904e+00
6.612021857923497947e+00 5.440148058600037473e+00
6.630236794171221248e+00 5.468240869945986127e+00
6.648451730418944550e+00 5.496943421508549754e+00
6.666666666666666963e+00 5.526255713287727467e+00
6.684881602914390264e+00 5.556177745283521929e+00
6.703096539162113565e+00 5.586521371665183366e+00
6.721311475409836866e+00 5.616934630342917067e+00
6.739526411657560168e+00 5.647409462302352523e+00
6.757741347905282581e+00 5.677945867543486180e+00
6.775956284153005882e+00 5.708543846066320704e+00
6.794171220400729183e+00 5.739203397870856094e+00
6.812386156648452484e+00 5.769924522957093238e+00
6.830601092896175786e+00 5.800707221325030361e+00
6.848816029143899087e+00 5.831551492974668349e+00
6.867030965391621500e+00 5.862457337906002763e+00
6.885245901639344801e+00 5.893424756119041596e+00
6.903460837887068102e+00 5.924453747613780408e+00
6.921675774134791403e+00 5.955544312390218309e+00
6.939890710382514705e+00 5.986696450448357965e+00
6.958105646630237118e+00 6.017910161788196710e+00
6.976320582877960419e+00 6.049185446409736322e+00
6.994535519125683720e+00 6.080522304312976800e+00
7.012750455373407021e+00 6.111920735497918145e+00
7.030965391621130323e+00 6.143380739964559467e+00
7.049180327868852736e+00 6.174902317712899880e+00
7.067395264116576037e+00 6.206485468742941158e+00
7.085610200364299338e+00 6.238130193054684192e+00
7.103825136612022639e+00 6.269836490648126315e+00
7.122040072859745941e+00 6.301604361523270192e+00
7.140255009107468354e+00 6.333433805680112272e+00
7.158469945355191655e+00 6.365324823118656994e+00
7.176684881602914956e+00 6.397277413838901694e+00
7.194899817850638257e+00 6.429291577840847260e+00
7.213114754098361558e+00 6.461367315124492805e+00
7.231329690346084860e+00 6.493504625689839216e+00
7.249544626593807273e+00 6.525703509536883828e+00
7.267759562841530574e+00 6.557965558232178083e+00
7.285974499089253875e+00 6.590309246478654792e+00
7.304189435336977176e+00 6.622739857917996353e+00
7.322404371584700478e+00 6.655257392550205431e+00
7.340619307832422891e+00 6.687861850375281136e+00
7.358834244080146192e+00 6.720553231393224358e+00
7.377049180327869493e+00 6.753331535604034208e+00
7.395264116575592794e+00 6.786196763007708910e+00
7.413479052823316096e+00 6.819148913604252016e+00
7.431693989071039397e+00 6.852187987393659974e+00
7.449908925318761810e+00 6.885313984375935448e+00
7.468123861566485111e+00 6.918526904551077550e+00
7.486338797814208412e+00 6.951826747919086280e+00
7.504553734061931713e+00 6.985213514479961638e+00
7.522768670309655015e+00 7.018687204233702737e+00
7.540983606557377428e+00 7.052247817180310463e+00
7.559198542805100729e+00 7.085895353319784817e+00
7.577413479052824030e+00 7.119629812652128464e+00
7.595628415300547331e+00 7.153451195177334299e+00
7.613843351548270633e+00 7.187359500895409425e+00
7.632058287795993046e+00 7.221354729806350292e+00
7.650273224043716347e+00 7.255436881910157787e+00
7.668488160291439648e+00 7.289605957206831022e+00
7.686703096539162949e+00 7.323861955696374437e+00
7.704918032786886251e+00 7.358204877378781816e+00
7.723132969034608664e+00 7.392602887994035754e+00
7.741347905282331965e+00 7.426634659317816300e+00
7.759562841530055266e+00 7.460169099246695801e+00
7.777777777777778567e+00 7.493206207780676031e+00
7.795992714025501868e+00 7.525745984919754328e+00
7.814207650273225170e+00 7.557788430663935131e+00
7.832422586520947583e+00 7.589333545013211335e+00
7.850637522768670884e+00 7.620381327967589158e+00
7.868852459016394185e+00 7.650931779527068599e+00
7.887067395264117486e+00 7.680984373834817802e+00
7.905282331511840788e+00 7.710159250320347546e+00
7.923497267759563201e+00 7.738129518184235778e+00
7.941712204007286502e+00 7.764895177426483386e+00
7.959927140255009803e+00 7.790456228047093035e+00
7.978142076502733104e+00 7.814812670046061172e+00
7.996357012750456406e+00 7.837964503423388685e+00
8.014571948998179707e+00 7.859911728179077350e+00
8.032786885245903008e+00 7.880659250009139249e+00
8.051001821493626309e+00 7.900850015817540317e+00
8.069216757741347834e+00 7.920934110280951401e+00
8.087431693989071135e+00 7.940911533399371613e+00
8.105646630236794437e+00 7.960782285172805395e+00
8.123861566484517738e+00 7.980546365601247416e+00
8.142076502732241039e+00 8.000203774684701230e+00
8.160291438979964340e+00 8.019754512423164172e+00
8.178506375227687641e+00 8.039198578816638019e+00
8.196721311475410943e+00 8.058535973865120994e+00
8.214936247723134244e+00 8.077766697568614873e+00
8.233151183970857545e+00 8.096890749927121433e+00
8.251366120218580846e+00 8.115908130940635345e+00
8.269581056466302371e+00 8.134818840609158386e+00
8.287795992714025672e+00 8.153622878932694107e+00
8.306010928961748974e+00 8.172320245911240733e+00
8.324225865209472275e+00 8.190910941544794710e+00
8.342440801457195576e+00 8.209394965833363145e+00
8.360655737704918877e+00 8.227772318776938931e+00
8.378870673952642179e+00 8.246043000375527399e+00
8.397085610200365480e+00 8.264207010629124994e+00
8.415300546448088781e+00 8.282264349537731718e+00
8.433515482695812082e+00 8.300215017101351123e+00
8.451730418943533607e+00 8.318059013319977879e+00
8.469945355191256908e+00 8.335796338193615540e+00
8.488160291438980209e+00 8.353426991722265882e+00
8.506375227686703511e+00 8.370950973905923576e+00
8.524590163934426812e+00 8.388393464688334689e+00
8.542805100182150113e+00 8.405937382880910747e+00
8.561020036429873414e+00 8.423619218839347056e+00
8.579234972677596716e+00 8.441438972563650722e+00
8.597449908925320017e+00 8.459396644053818193e+00
8.615664845173043318e+00 8.477492233309847691e+00
8.633879781420766619e+00 8.495725740331742770e+00
8.652094717668488144e+00 8.514097165119498101e+00
8.670309653916211445e+00 8.532606507673119012e+00
8.688524590163934747e+00 8.551253767992607280e+00
8.706739526411658048e+00 8.570038946077957576e+00
8.724954462659381349e+00 8.588962041929169899e+00
8.743169398907104650e+00 8.608023055546247804e+00
8.761384335154827951e+00 8.627221986929189512e+00
8.779599271402551253e+00 8.646558836077995025e+00
8.797814207650274554e+00 8.666033602992666118e+00
8.816029143897997855e+00 8.685646287673199240e+00
8.834244080145721156e+00 8.705396890119594389e+00
8.852459016393442681e+00 8.725285410331855118e+00
8.870673952641165982e+00 8.745311848309979652e+00
8.888888888888889284e+00 8.765476204053969767e+00
8.907103825136612585e+00 8.785778477563821909e+00
8.925318761384335886e+00 8.806218668839537855e+00
8.943533697632059187e+00 8.826796777881119382e+00
8.961748633879782489e+00 8.847512804688564714e+00
8.979963570127505790e+00 8.868366749261870297e+00
8.998178506375229091e+00 8.889358611601045013e+00
9.016393442622952392e+00 8.910488391706081757e+00
9.034608378870675693e+00 8.931756089576982305e+00
9.052823315118397218e+00 8.953161705213741328e+00
9.071038251366120519e+00 8.974646589381030992e+00
9.089253187613843821e+00 8.996082714599710428e+00
9.107468123861567122e+00 9.017465593563066761e+00
9.125683060109290423e+00 9.038795226271103544e+00
9.143897996357013724e+00 9.060071612723819001e+00
9.162112932604737026e+00 9.081294752921214908e+00
9.180327868852460327e+00 9.102464646863291264e+00
9.198542805100183628e+00 9.123581294550044518e+00
9.216757741347906929e+00 9.144644695981479998e+00
9.234972677595628454e+00 9.165654851157592375e+00
9.253187613843351755e+00 9.186611760078383426e+00
9.271402550091075057e+00 9.207515422743858480e+00
9.289617486338798358e+00 9.228365839154010430e+00
9.307832422586521659e+00 9.249163009308841055e+00
9.326047358834244960e+00 9.269906933208353905e+00
9.344262295081968261e+00 9.290597610852543653e+00
9.362477231329691563e+00 9.311235042241413851e+00
9.380692167577414864e+00 9.331819227374964498e+00
9.398907103825138165e+00 9.352350166253195596e+00
9.417122040072861466e+00 9.372827858876103591e+00
9.435336976320582991e+00 9.393252305243692035e+00
9.453551912568306292e+00 9.413623505355959153e+00
9.471766848816029594e+00 9.433941459212906722e+00
9.489981785063752895e+00 9.454206166814534740e+00
9.508196721311476196e+00 9.474417628160841431e+00
9.526411657559199497e+00 9.494575843251830349e+00
9.544626593806922799e+00 9.514680812087494388e+00
9.562841530054646100e+00 9.534732534667840653e+00
9.581056466302369401e+00 9.554731010992867368e+00
9.599271402550092702e+00 9.574676241062572757e+00
9.617486338797814227e+00 9.594568224876955043e+00
9.635701275045537528e+00 9.614406962436017778e+00
9.653916211293260830e+00 9.634192453739760964e+00
9.672131147540984131e+00 9.653924698788184600e+00
9.690346083788707432e+00 9.673603697581288685e+00
9.708561020036430733e+00 9.693229450119069668e+00
9.726775956284154034e+00 9.712801956401531100e+00
9.744990892531877336e+00 9.732321216428671207e+00
9.763205828779600637e+00 9.751787230200491763e+00
9.781420765027323938e+00 9.771199997716992769e+00
9.799635701275047239e+00 9.790559518978172449e+00
9.817850637522768764e+00 9.809865793984030802e+00
9.836065573770492065e+00 9.829118822734571381e+00
9.854280510018215367e+00 9.848318605229788858e+00
9.872495446265938668e+00 9.867465141469686785e+00
9.890710382513661969e+00 9.886558431454265161e+00
9.908925318761385270e+00 9.905598475183522211e+00
9.927140255009108571e+00 9.924585272657459711e+00
9.945355191256831873e+00 9.943518823876075885e+00
9.963570127504555174e+00 9.962399128839372509e+00
9.981785063752278475e+00 9.981226187547347806e+00
1.000000000000000000e+01 1.000000000000000000e+01
