0.000000000000000000e+00 0.000000000000000000e+00
5.795760195245700519e-01 -6.885922036522732492e-01
5.989902282961824254e-01 -6.729528065677771176e-01
6.183737754421920751e-01 -6.572300562552849668e-01
6.377210593208469946e-01 -6.414173413465885654e-01
6.570243054997879639e-01 -6.255054624075451208e-01
6.762733010795712874e-01 -6.094823511916395153e-01
6.954531216761736800e-01 -5.933303351247513069e-01
7.145504114155928344e-01 -5.770339076802627476e-01
7.335455069780927317e-01 -5.605701033338055250e-01
7.524151064161217484e-01 -5.439118657217427710e-01
7.711319966237906165e-01 -5.270277898230993907e-01
7.896648757145617870e-01 -5.098819838535881832e-01
8.079783054214491056e-01 -4.924340901070013987e-01
8.260328292875549483e-01 -4.746395036738476625e-01
8.437852904956966160e-01 -4.564498246044064178e-01
8.611893782209111281e-01 -4.378135722067156843e-01
8.781964230903762658e-01 -4.186771795579016797e-01
8.947564506722919253e-01 -3.989862720532695306e-01
9.108194871808044102e-01 -3.786872163888070353e-01
9.263370944282408592e-01 -3.577289066385953009e-01
9.412640924883954874e-01 -3.360647333072674936e-01
9.555604098869848739e-01 -3.136546609923908102e-01
9.691929839733244290e-01 -2.904673223826159667e-01
9.821376201278780860e-01 -2.664820226037730722e-01
9.943807028249556090e-01 -2.416905327383462865e-01
1.005920669616806151e+00 -2.160985752932584880e-01
1.016769136441561416e+00 -1.897268810273782247e-01
1.026951589232304007e+00 -1.626117300547554878e-01
1.036507573120138970e+00 -1.348049109853673433e-01
1.045490335826618988e+00 -1.063730622808532478e-01
1.053965912211706879e+00 -7.739639524762031986e-02
1.062011670018317533e+00 -4.796683534600659771e-02
1.069714370106300549e+00 -1.818565485836043383e-02
1.077167825226703624e+00 1.183929752623935627e-02
1.084470267101601548e+00 4.199663870678277400e-02
1.091721550074728375e+00 7.217461606514186112e-02
1.099020329316554800e+00 1.022642396301063350e-01
1.106461351706736096e+00 1.321622297079382280e-01
1.114132988128944568e+00 1.617736423822094816e-01
1.122115117892330094e+00 1.910140585582593697e-01
1.130477450975522880e+00 2.198112524912309018e-01
1.139278343972652374e+00 2.481062903714642554e-01
1.148564133539276000e+00 2.758540456575493960e-01
1.158368979395223430e+00 3.030231525742136944e-01
1.168715179968643270e+00 3.295954499519218039e-01
1.179613899587232950e+00 3.555649923182824246e-01
1.191066228201878685e+00 3.809367224762050252e-01
1.203064483768761406e+00 4.057249090879803122e-01
1.215593663748129938e+00 4.299514541392247535e-01
1.228632955207915378e+00 4.536441693501096495e-01
1.242157221744387918e+00 4.768351089182092939e-01
1.256138398486119634e+00 4.995590300392517280e-01
1.270546742276701835e+00 5.218520342266894652e-01
1.285351901159007992e+00 5.437504232724156283e-01
1.300523784054074650e+00 5.652897853039322573e-01
1.316033226825598534e+00 5.865043100451903246e-01
1.331852463840367040e+00 6.074263189593354095e-01
1.347955424113641776e+00 6.280859859387550870e-01
1.364317877939036805e+00 6.485112177432543756e-01
1.380917463615470187e+00 6.687276602921778945e-01
1.397733624808171760e+00 6.887587967735142591e-01
1.414747487691127459e+00 7.086261057665776963e-01
1.431941703884261452e+00 7.283492515332667949e-01
1.445436257001518676e+00 7.518859372724604473e-01
1.452526046750339805e+00 7.819528780158988557e-01
1.460346910395527331e+00 8.112602404910529419e-01
1.468899039462562062e+00 8.398149630061459980e-01
1.478171333836638235e+00 8.676352811598795345e-01
1.488143184777520833e+00 8.947487720269526879e-01
1.498786333182032804e+00 9.211903570020405496e-01
1.510066711366749859e+00 9.470003557686168527e-01
1.521946191408667159e+00 9.722226670181975949e-01
1.534384180330600644e+00 9.969031326744280941e-01
1.547339020511107499e+00 1.021088123156175920e+00
1.560769171195955041e+00 1.044823363076485823e+00
1.574634162746537891e+00 1.068153000814908715e+00
1.588895328484895009e+00 1.091118912337585733e+00
1.603516329246907901e+00 1.113760219820397523e+00
1.618463492923229552e+00 1.136112999071649643e+00
1.633705995513046183e+00 1.158210146204105673e+00
1.649215911900238307e+00 1.180081373035267278e+00
1.664968164171801046e+00 1.201753301756758097e+00
1.680940393373423491e+00 1.223249631930677594e+00
1.697112777668373207e+00 1.244591356291583795e+00
1.713467816409276256e+00 1.265797005673969799e+00
1.729990096041157832e+00 1.286882907260132214e+00
1.746666050321788344e+00 1.307863443969652373e+00
1.763483724267546737e+00 1.328751306010809152e+00
1.780432548614880872e+00 1.349557728297708925e+00
1.797503129460400473e+00 1.370292709589024049e+00
1.814687056083216232e+00 1.390965210861947021e+00
1.831976728701909751e+00 1.411583331667426888e+00
1.849365206998219602e+00 1.432154464104462788e+00
1.866848527405704283e+00 1.452683132009617628e+00
1.884417619238750508e+00 1.473178580732920517e+00
1.902066993076743096e+00 1.493646619698910660e+00
1.919772901598933323e+00 1.514067807724948089e+00
1.936661855641187646e+00 1.533271742600844867e+00
1.953109065354457163e+00 1.551554429158494619e+00
1.969591891435594988e+00 1.569442564780660021e+00
1.986103355643737078e+00 1.586939669290158283e+00
2.002636702706821037e+00 1.604049296405442249e+00
2.019185411638932504e+00 1.620775025293548222e+00
2.035743211396368491e+00 1.637120446617865932e+00
2.052304098725261206e+00 1.653089144621503248e+00
2.068862356258726276e+00 1.668684676808404266e+00
2.085412569192166110e+00 1.683910552736623600e+00
2.101949639188523733e+00 1.698770213322381428e+00
2.118468794521010334e+00 1.713267011877876556e+00
2.134965596035123259e+00 1.727404197638256367e+00
2.151435939295073041e+00 1.741184901720111089e+00
2.167876050523631637e+00 1.754612128846166241e+00
2.184463387361729403e+00 1.767865918421308358e+00
2.201655483573639938e+00 1.781415964736229540e+00
2.218895019579030681e+00 1.794823965327409176e+00
2.236128319997381375e+00 1.808050299818864115e+00
2.253354001690677677e+00 1.821096458428614895e+00
2.270570880570671690e+00 1.833963740220331040e+00
2.287777952703739626e+00 1.846653266464512999e+00
2.304974376025427318e+00 1.859165994205968842e+00
2.322159453250412842e+00 1.871502729240275720e+00
2.339332616457499459e+00 1.883664137766131397e+00
2.356493413718069529e+00 1.895650756060646813e+00
2.373629676435226710e+00 1.907480156393596360e+00
2.390789357736375909e+00 1.919111837210884630e+00
2.408207491607129658e+00 1.930823295336102641e+00
2.425735771008752373e+00 1.942502854938173318e+00
2.443259805544227614e+00 1.954072545751250001e+00
2.460779792963555312e+00 1.965532013760343810e+00
2.478296022222472139e+00 1.976880751476509879e+00
2.495808879444627149e+00 1.988118081592322284e+00
2.513318854556738202e+00 1.999243138668823860e+00
2.530826550118224105e+00 2.010254846313965338e+00
2.548332689792710326e+00 2.021151893635840580e+00
2.565838126512873796e+00 2.031932710839203349e+00
2.583343849776384982e+00 2.042595444823784856e+00
2.600850991427196224e+00 2.053137935847628270e+00
2.618360829280304003e+00 2.063557696395813768e+00
2.635874787980254652e+00 2.073851893432081539e+00
2.653394436546629986e+00 2.084017335198339982e+00
2.670921482155402149e+00 2.094050463658110761e+00
2.688457759934963054e+00 2.103947353371984352e+00
2.706005218753352537e+00 2.113703717312466868e+00
2.723565901728234095e+00 2.123314922368321866e+00
2.741141923434693428e+00 2.132776011729367482e+00
2.758735443429118028e+00 2.142081735355696903e+00
2.776348636674260462e+00 2.151226588076164514e+00
2.793983661614303671e+00 2.160204854518418038e+00
2.811642626782978382e+00 2.169010659752961701e+00
2.829327556921468201e+00 2.177638024256335125e+00
2.847040364856752159e+00 2.186080911618051736e+00
2.864782824217887214e+00 2.194333277902903667e+00
2.882556528636510240e+00 2.202389150801982165e+00
2.900362873469783054e+00 2.210242669890535083e+00
2.918203036663543415e+00 2.217888131461426493e+00
2.936077964924667771e+00 2.225320025851512007e+00
2.953988366021860656e+00 2.232533064948438284e+00
2.971934707704361855e+00 2.239522198021388188e+00
2.989917223642881261e+00 2.246282614012678369e+00
3.007935926803869009e+00 2.252809728225868557e+00
3.025990630887038790e+00 2.259099150664468425e+00
3.044080981276431341e+00 2.265146631207113348e+00
3.062208376175660884e+00 2.270943831403376745e+00
3.080370984645939281e+00 2.276489187715921236e+00
3.098568405086229216e+00 2.281777815411239807e+00
3.117530713247897545e+00 2.287198223368944738e+00
3.138059694081455575e+00 2.293248250031756363e+00
3.158724645936570319e+00 2.299300233316139863e+00
3.179486680275075638e+00 2.305328474841841224e+00
3.200352297305789406e+00 2.311325404161907571e+00
3.221329055126531227e+00 2.317281646956280472e+00
3.242425812279296160e+00 2.323185646447520014e+00
3.263652994486176073e+00 2.329023266627395117e+00
3.285022879915825200e+00 2.334777390487694504e+00
3.306549894182011506e+00 2.340427531317802234e+00
3.328250902638228315e+00 2.345949480384770691e+00
3.350145483552239067e+00 2.351315019608628543e+00
3.372256161658988560e+00 2.356491732729041111e+00
3.394608577724165688e+00 2.361442952361663128e+00
3.417231566518087238e+00 2.366127882617070188e+00
3.440157113477554152e+00 2.370501936917088326e+00
3.463420159839494694e+00 2.374517327637409192e+00
3.487058227669002530e+00 2.378123937679971434e+00
3.511110840413225631e+00 2.381270493675600619e+00
3.535618721698777556e+00 2.383906046162674208e+00
3.560622765153395708e+00 2.385981744063057519e+00
3.586162780918217940e+00 2.387452869784406406e+00
3.612276039753790968e+00 2.388281078449108197e+00
3.638995652443102191e+00 2.388436761629727290e+00
3.666348839449248498e+00 2.387901434426216163e+00
3.690697211363666241e+00 2.392685046764267298e+00
3.711210980850038865e+00 2.403966020943649973e+00
3.731774547851799184e+00 2.415288052101832506e+00
3.752396889412169312e+00 2.426639491732709875e+00
3.773088185843532116e+00 2.438007291873901750e+00
3.793859917414658334e+00 2.449376928040492007e+00
3.814724975478304358e+00 2.460732304706914064e+00
3.835697790062812196e+00 2.472055641506364587e+00
3.856794473558573078e+00 2.483327342081561362e+00
3.878032976821036648e+00 2.494525852311457292e+00
3.899433249888001107e+00 2.505627520204289027e+00
3.921017394783125276e+00 2.516606475702273471e+00
3.942809792875796582e+00 2.527434554470168404e+00
3.964837184434947481e+00 2.538081294819154454e+00
3.987128673884040353e+00 2.548514040553781612e+00
4.009715631440878170e+00 2.558698184017304200e+00
4.032631460920049093e+00 2.568597582289185777e+00
4.055911205062244562e+00 2.578175174835147132e+00
4.079590964281409882e+00 2.587393822609787897e+00
4.103707112451473904e+00 2.596217376647666608e+00
4.128295304285055423e+00 2.604611968885670148e+00
4.153389282666331894e+00 2.612547500064581030e+00
4.179019510320548747e+00 2.619999280178995527e+00
4.205211667417149357e+00 2.626949757542157204e+00
4.231985073797612351e+00 2.633390254818368525e+00
4.259351109960017645e+00 2.639322616170964420e+00
4.287311723107666950e+00 2.644760660742117686e+00
4.315858111929693486e+00 2.649731335524141862e+00
4.344969685028913453e+00 2.654275466359606206e+00
4.374613382160903008e+00 2.658448019764911852e+00
4.404743432422730365e+00 2.662317812621510349e+00
4.435301611898371021e+00 2.665966625169584603e+00
4.466218023481228094e+00 2.669487723937640666e+00
4.497412400965627555e+00 2.672983825639414057e+00
4.528795904730890776e+00 2.676564572579685386e+00
4.560273344012045094e+00 2.680343623890570903e+00
4.591745731755201732e+00 2.684435494371645969e+00
4.623113054610025863e+00 2.688952291746337320e+00
4.654277137593011204e+00 2.694000497220585100e+00
4.685144410012275884e+00 2.699678008968862120e+00
4.715628518473488739e+00 2.706071496105604712e+00
4.745652606567331233e+00 2.713254250450331639e+00
4.775151169441779864e+00 2.721284612671284631e+00
4.803318344910987747e+00 2.729488356986823128e+00
4.829381414325681021e+00 2.737143932639058530e+00
4.854729299256284492e+00 2.745523452649270890e+00
4.879396201436501990e+00 2.754663534244381928e+00
4.903391509122585923e+00 2.764553650357574277e+00
4.926735605430546450e+00 2.775171007619604335e+00
4.949458213787834460e+00 2.786482393742546471e+00
4.971596573152441856e+00 2.798446214574036972e+00
4.993193547716908043e+00 2.811014603965053205e+00
5.014295765014230355e+00 2.824135501661664716e+00
5.034951863293148477e+00 2.837754609012348439e+00
5.055210912457885897e+00 2.851817150782382626e+00
5.075121054454290181e+00 2.866269391923752963e+00
5.094728390321936473e+00 2.881059878976058641e+00
5.114076123607505409e+00 2.896140395326329831e+00
5.133203954531488478e+00 2.911466636629814531e+00
5.152147706941915040e+00 2.926998626476304821e+00
5.170939161045559729e+00 2.942700902471778512e+00
5.189606059211617328e+00 2.958542509248994534e+00
5.208172249565059531e+00 2.974496837793310533e+00
5.226657932183114141e+00 2.990541350352636130e+00
5.245079974924408361e+00 3.006657227721807768e+00
5.263452269648356108e+00 3.022828971529061715e+00
5.281786104226406486e+00 3.039043988963999077e+00
5.300090530782245679e+00 3.055292181769061699e+00
5.318372715582065702e+00 3.071565555750409349e+00
5.336638260608387085e+00 3.087857861921209590e+00
5.354891490867690784e+00 3.104164275906936776e+00
5.373135704789770983e+00 3.120481118551241106e+00
5.391373387645627346e+00 3.136805617800521695e+00
5.409606389764443968e+00 3.153135709871413006e+00
5.427836072557920666e+00 3.169469876344075399e+00
5.446063426049962075e+00 3.185807013049165803e+00
5.464289161885637292e+00 3.202146326314642355e+00
5.482511700398863930e+00 3.218489577326574924e+00
5.500734238680061061e+00 3.234833201203017872e+00
5.518956776729105229e+00 3.251177197943848185e+00
5.537179314546111897e+00 3.267521567549159567e+00
5.555401852131060636e+00 3.283866310018926704e+00
5.573624389483942565e+00 3.300211425353130501e+00
5.591846926604782553e+00 3.316556913551784724e+00
5.610069463493574382e+00 3.332902774614874719e+00
5.628292000150315388e+00 3.349249008542386274e+00
5.646514536575041099e+00 3.365595615334343371e+00
5.664737072767723092e+00 3.381942594990710482e+00
5.682959608728423540e+00 3.398289947511534681e+00
5.701182144457057177e+00 3.414637672896728482e+00
5.719404679953736803e+00 3.430985771146385144e+00
5.737627215218385146e+00 3.447334242260425619e+00
5.755849750251039509e+00 3.463683086238872555e+00
5.774072285051744302e+00 3.480032303081757927e+00
5.792294819620451563e+00 3.496381892789028889e+00
5.810517353957163955e+00 3.512731855360678335e+00
5.828739888061932994e+00 3.529082190796742236e+00
5.846962421934704501e+00 3.545432899097161084e+00
5.865184955575576176e+00 3.561783980262016591e+00
5.883407488984483180e+00 3.578135434291239481e+00
5.901630022161429068e+00 3.594487261184822202e+00
5.919697219781326680e+00 3.610692478459180954e+00
5.936396307872096934e+00 3.625599555695028453e+00
5.952763689957325965e+00 3.640128340134494600e+00
5.969117461244154654e+00 3.654564415742003192e+00
5.985457530729714648e+00 3.668907836529958111e+00
6.001783807348880728e+00 3.683158657801601343e+00
6.018096199991697759e+00 3.697316936167414525e+00
6.034394617521244619e+00 3.711382729561468086e+00
6.050678968792310819e+00 3.725356097258026189e+00
6.066949162670360884e+00 3.739237099887948279e+00
6.083205108050772303e+00 3.753025799454837497e+00
6.099446713879464355e+00 3.766722259351921842e+00
6.115673889172905220e+00 3.780326544377875742e+00
6.131886543039287929e+00 3.793838720753132332e+00
6.148084584700401756e+00 3.807258856136262803e+00
6.164267923513753189e+00 3.820587019640019122e+00
6.180433222423336481e+00 3.833827246136860101e+00
6.196581835450551523e+00 3.846977905395400743e+00
6.212712945676027942e+00 3.860040010627962204e+00
6.228825433887228868e+00 3.873014975789948799e+00
6.244917790579288308e+00 3.885904738035683259e+00
6.260987998764573348e+00 3.898711921486236243e+00
6.277033387327620950e+00 3.911440044441617303e+00
6.293050452544625806e+00 3.924093774987514216e+00
6.309034645673407660e+00 3.936679239822250764e+00
6.324980125757996063e+00 3.949204389779389590e+00
6.340879478782342815e+00 3.961679423112200116e+00
6.356723407043845420e+00 3.974117264086163726e+00
6.372500396083779606e+00 3.986534089731343933e+00
6.388196366048333630e+00 3.998949897851932445e+00
6.403794328703538596e+00 4.011389089890154303e+00
6.419274077074077489e+00 4.023881033134166785e+00
6.434611921994171091e+00 4.036460581999339325e+00
6.449780509849623478e+00 4.049168509839009999e+00
6.464748754535596831e+00 4.062051801831327857e+00
6.479481918085054915e+00 4.075163754835422480e+00
6.493941873562816269e+00 4.088563828337835382e+00
6.508087580161491914e+00 4.102317192647679356e+00
6.521875793601312310e+00 4.116493927129765140e+00
6.535262024776771206e+00 4.131167833022859170e+00
6.548201746252185984e+00 4.146414842437988746e+00
6.560651830160864506e+00 4.162311027152567178e+00
6.572572183146824898e+00 4.178930236952886013e+00
6.583927525386793711e+00 4.196341426114028827e+00
6.594689242886903280e+00 4.214605756193103403e+00
6.604837226802513506e+00 4.233773591306601247e+00
6.616810496090617555e+00 4.255626619608694483e+00
6.641064867712635156e+00 4.287964135520402564e+00
6.665502562718523372e+00 4.322941575476739295e+00
6.688079913367264595e+00 4.359072142510741266e+00
6.708833899130602241e+00 4.396242231678490597e+00
6.727826667595514287e+00 4.434326375501005835e+00
6.745145753601343053e+00 4.473189267724522189e+00
6.760903353517271341e+00 4.512688381150051775e+00
6.775234618055518077e+00 4.552677070355629851e+00
6.788294988567577626e+00 4.593008016928502357e+00
6.800256475731201178e+00 4.633537037904902789e+00
6.811303679019667712e+00 4.674126408038894454e+00
6.821628879804896073e+00 4.714648423392631571e+00
6.831426919096381667e+00 4.754988512964502867e+00
6.840890025319879442e+00 4.795047846191987873e+00
6.850202826230110453e+00 4.834745337555202305e+00
6.859537775807829085e+00 4.874018974101902657e+00
6.869051195515278430e+00 4.912826433081920463e+00
6.878880085377929277e+00 4.951144998225110783e+00
6.889139808014299149e+00 4.988970821469837169e+00
6.899922692477638009e+00 5.026317609542794607e+00
6.911297549202504165e+00 5.063214839743737095e+00
6.923310036842120319e+00 5.099705625307466406e+00
6.935983780190221992e+00 5.135844357205279209e+00
6.949322100978101879e+00 5.171694251571902434e+00
6.963310217887221931e+00 5.207324912627942837e+00
6.977917752641296545e+00 5.242810014518515693e+00
6.993101388482480196e+00 5.278225181921273546e+00
7.008807542672037982e+00 5.313646126458874797e+00
7.024974936438820983e+00 5.349147073392860108e+00
7.040985772858697089e+00 5.383690280444821674e+00
7.056360634831913892e+00 5.416268889673881759e+00
7.072061906541154741e+00 5.448651587362391524e+00
7.088033426862590858e+00 5.480926961296101574e+00
7.104198724820765420e+00 5.513141554176403503e+00
7.120485526296101320e+00 5.545339041454366402e+00
7.136826313751632789e+00 5.577559928195450212e+00
7.153158752316885582e+00 5.609841328662326099e+00
7.169426027489498310e+00 5.642216800731536530e+00
7.185577132415796875e+00 5.674716212005932903e+00
7.201567132613659439e+00 5.707365620792980820e+00
7.217357424326354298e+00 5.740187162238647112e+00
7.232915990668399964e+00 5.773198937108270812e+00
7.248217648478133768e+00 5.806414907320052166e+00
7.263244269306778911e+00 5.839844807807777372e+00
7.277984951012132164e+00 5.873494088192988016e+00
7.292436112494636191e+00 5.907363899819165098e+00
7.306601483445390954e+00 5.941451143844364680e+00
7.320491963519620171e+00 5.975748594370147160e+00
7.334125330791878561e+00 6.010245107220850258e+00
7.347525787149304044e+00 6.044925920323308333e+00
7.360726299694444030e+00 6.079771341176133603e+00
7.373758169022844200e+00 6.114762787639210551e+00
7.386660717219017513e+00 6.149877222308317570e+00
7.399476301336954442e+00 6.185090049227886411e+00
7.412249194834057420e+00 6.220375767819292356e+00
7.425024439260883291e+00 6.255708636204176720e+00
7.437846699811733409e+00 6.291063324676541946e+00
7.450759165405554718e+00 6.326415536360694425e+00
7.463802533135542205e+00 6.361742572915485283e+00
7.477014112518541644e+00 6.397023825976935640e+00
7.490429733641480681e+00 6.432247473689631789e+00
7.504105089753894120e+00 6.467465037359509061e+00
7.518040364033020673e+00 6.502628615488891484e+00
7.532244956299047445e+00 6.537713645276977736e+00
7.546731732831788442e+00 6.572714262233530391e+00
7.561508325196024671e+00 6.607627580911668908e+00
7.576577399585374906e+00 6.642453505733329600e+00
7.591937047368687352e+00 6.677194477642460768e+00
7.607581270363334092e+00 6.711855172405944536e+00
7.623500533180038730e+00 6.746442166699327281e+00
7.639682355342889863e+00 6.780963587578801466e+00
7.656111917559392133e+00 6.815428759696984251e+00
7.672772659221362979e+00 6.849847862840887203e+00
7.689646847655022377e+00 6.884231610232258269e+00
7.706716103508976623e+00 6.918590955708141976e+00
7.723961870693719867e+00 6.952936835546428718e+00
7.741365823227196685e+00 6.987279948448673395e+00
7.758910205005495442e+00 7.021630575141635688e+00
7.776578101764243911e+00 7.055998437280007529e+00
7.794353647233939419e+00 7.090392593869458082e+00
7.812222168852678728e+00 7.124821371664037173e+00
7.830170276008576735e+00 7.159292327343510287e+00
7.848185899546696653e+00 7.193812236247891789e+00
7.866258290237121642e+00 7.228387103105104572e+00
7.884377983559007319e+00 7.263022190461137839e+00
7.902500424154628611e+00 7.297621617231867752e+00
7.920169266992159507e+00 7.330923517153449254e+00
7.937696481472467092e+00 7.363412066715144810e+00
7.955224924818715238e+00 7.395371118267119570e+00
7.972749279276276191e+00 7.426802173668421325e+00
7.990265125866298668e+00 7.457706317099138893e+00
8.007768472462430509e+00 7.488084454635519194e+00
8.025255868535714043e+00 7.517937232667666336e+00
8.042724328427507174e+00 7.547265062508832223e+00
8.060134124354448204e+00 7.576088290498361744e+00
8.076974357524104420e+00 7.602965675409860680e+00
8.093104375294291941e+00 7.627677138323608830e+00
8.109039592904624172e+00 7.651023230777316719e+00
8.124756980879295654e+00 7.672997635156822760e+00
8.140230967048003308e+00 7.693594685585465776e+00
8.155433158476496303e+00 7.712809756250280202e+00
8.170332090966203609e+00 7.730639754730656676e+00
8.184908689733015663e+00 7.747106481957269253e+00
8.201317744047830871e+00 7.765243720725785614e+00
8.219190402817144303e+00 7.784918001171789115e+00
8.237064219571477608e+00 7.804480177968136978e+00
8.254940084796642097e+00 7.823929347346584073e+00
8.272819079006360710e+00 7.843264410894150274e+00
8.290702494096152009e+00 7.862484050485287312e+00
8.308591856973901457e+00 7.881586700271711265e+00
8.326488954878245252e+00 7.900570516169554303e+00
8.344395861711198847e+00 7.919433343380923418e+00
8.362314966085465429e+00 7.938172681210650339e+00
8.380248996313090615e+00 7.956785649618633549e+00
8.398201044973109930e+00 7.975268955049779507e+00
8.416174601893173346e+00 7.993618847003287620e+00
8.434173560042612650e+00 8.011831099363202924e+00
8.452202233491391326e+00 8.029900979335668154e+00
8.470265368907881509e+00 8.047823221647186998e+00
8.488368149837736354e+00 8.065592008963481163e+00
8.506516194902149053e+00 8.083200957652806551e+00
8.524715550087867300e+00 8.100643108941513404e+00
8.542972676011007849e+00 8.117910924797421046e+00
8.561294432216771000e+00 8.134996286657964149e+00
8.579688063030440404e+00 8.151890492538454325e+00
8.598164473231161509e+00 8.168580895825183319e+00
8.616729457222001898e+00 8.185059793662986749e+00
8.635391696376258253e+00 8.201316314132395036e+00
8.654160331176669274e+00 8.217338843385538993e+00
8.673157003572917745e+00 8.233247302004409462e+00
8.693102695628333265e+00 8.249891219806757547e+00
8.713366071249785350e+00 8.266680011940181316e+00
8.733800095269451447e+00 8.283446112634706537e+00
8.754421494693156447e+00 8.300176255762901079e+00
8.775248623488268507e+00 8.316855941943204655e+00
8.796301740285343840e+00 8.333469207762556508e+00
8.817603314223871891e+00 8.349998377489509238e+00
8.839178346389111596e+00 8.366423810544931783e+00
8.861054688677103996e+00 8.382723662690947819e+00
8.883263335982345410e+00 8.398873683607391172e+00
8.905838661727015548e+00 8.414847077858617297e+00
8.928818561463392811e+00 8.430614459742285405e+00
8.952244465206284474e+00 8.446143934626324068e+00
8.976161176980687273e+00 8.461401339565284729e+00
9.000616500510355777e+00 8.476350673716853024e+00
9.025660613681433020e+00 8.490954743918772252e+00
9.051345161907740078e+00 8.505176042459895669e+00
9.077722052088766702e+00 8.518977862542095991e+00
9.104841944458790692e+00 8.532325642431800361e+00
9.132752458854433542e+00 8.545188512423230520e+00
9.161496133919616369e+00 8.557541000409111476e+00
9.191108201226253271e+00 8.569364833337990817e+00
9.221614259517638246e+00 8.580650754636623745e+00
9.252923163454891409e+00 8.591492403553280255e+00
9.273393726952532390e+00 8.612069357613048481e+00
9.294034436312822223e+00 8.632640231151908594e+00
9.314863713030021586e+00 8.653191963618333205e+00
9.335901813474940525e+00 8.673710261745128491e+00
9.357171035629507472e+00 8.694179463342159409e+00
9.378345939697194211e+00 8.714110395292166800e+00
9.399031612153457615e+00 8.732854440070306978e+00
9.419987374975365313e+00 8.751247080846454196e+00
9.441268519918795121e+00 8.769293678362467759e+00
9.462905588836582282e+00 8.786965887159531974e+00
9.484930969502160636e+00 8.804233493041150993e+00
9.507378488800533489e+00 8.821064739597234805e+00
9.530282814858024310e+00 8.837426824475290488e+00
9.553678650921586524e+00 8.853286583267047760e+00
9.577599714362399652e+00 8.868611370081920242e+00
9.602077507796289879e+00 8.883370132229201133e+00
9.627139905413667265e+00 8.897534662346458845e+00
9.652809595259496334e+00 8.911080995555126449e+00
9.679102436117908326e+00 8.923990902872294129e+00
9.706025804287708780e+00 8.936253416498027846e+00
9.733577019201874236e+00 8.947866309244574268e+00
9.761741945865084702e+00 8.958837440805911712e+00
9.790493874983349443e+00 8.969185879191524435e+00
9.819792777346798118e+00 8.978942707575999549e+00
9.849585016949905736e+00 8.988151435688472191e+00
9.879803587626948769e+00 8.996867950755937926e+00
9.910368911502800415e+00 9.005159965328317639e+00
9.941190205896971221e+00 9.013105946807320024e+00
9.972167390664914421e+00 9.020793544325503177e+00
1.000319347296614758e+01 9.028317560494652838e+00
1.003415731394705546e+01 9.035777545911631847e+00
1.006494665459085702e+01 9.043275120635804853e+00
1.009545125842489632e+01 9.050911146839036192e+00
1.012556601867549944e+01 9.058782888668119426e+00
1.015519387781783145e+01 9.066981297946382412e+00
1.018424841833245864e+01 9.075588557354528518e+00
1.021265600376384519e+01 9.084675996937880527e+00
1.024035737505057497e+01 9.094302478459782790e+00
1.026730865538732118e+01 9.104513299583716801e+00
1.029348172772632708e+01 9.115339660952400891e+00
1.031886400606963150e+01 9.126798687222738238e+00
1.034345765239067916e+01 9.138893964363548506e+00
1.036727831549135814e+01 9.151616531865498061e+00
1.039035001585861551e+01 9.164949497540954226e+00
1.041271180092335413e+01 9.178861684139022259e+00
1.043440809159898564e+01 9.193316515621956952e+00
1.045548870971584776e+01 9.208271916833071558e+00
1.047600671068869715e+01 9.223682287927891466e+00
1.049601633201736384e+01 9.239500401768031779e+00
1.051557112157231266e+01 9.255679161937878874e+00
1.053472228815342682e+01 9.272173178128205961e+00
1.055351729694838170e+01 9.288940133667825449e+00
1.057199871476102082e+01 9.305941936449258378e+00
1.059020329546515882e+01 9.323145658166364314e+00
1.060816128586661300e+01 9.340524276805155068e+00
1.062589592638160241e+01 9.358057243250740953e+00
1.064342311960128917e+01 9.375730894648842906e+00
