0.000000000000000000e+00 0.000000000000000000e+00
8.461780838988228748e-01 1.967956607797226587e-01
8.652662715899347434e-01 2.154865491381905973e-01
8.839519974280797276e-01 2.341167933313032523e-01
9.022371705402326691e-01 2.526857991916848234e-01
9.201243001374471708e-01 2.711931129846921751e-01
9.376165241741778456e-01 2.896384302200805116e-01
9.547176436174665826e-01 3.080216058408017377e-01
9.714321612700498321e-01 3.263426655867528448e-01
9.877653239365106197e-01 3.446018182895758120e-01
1.003723166594079119e+00 3.627994688178480809e-01
1.019312557132469710e+00 3.809362313611528439e-01
1.034541240162498932e+00 3.990129427173024212e-01
1.049417878362630230e+00 4.170306752301037867e-01
1.063952089836861958e+00 4.349907490157791656e-01
1.078154479996451087e+00 4.528947431150920355e-01
1.092036666551115864e+00 4.707445052150801557e-01
1.105611296301028723e+00 4.885421595993717503e-01
1.118892052556819561e+00 5.062901130089292323e-01
1.131893652178111553e+00 5.239910581251436827e-01
1.144631831408152944e+00 5.416479744243335448e-01
1.157123319888947677e+00 5.592641261956069476e-01
1.169385802463384749e+00 5.768430575621795731e-01
1.181437871442863496e+00 5.943885850645720392e-01
1.193298965050942684e+00 6.119047867418486719e-01
1.204989291214656699e+00 6.293959874367193175e-01
1.216529742384184543e+00 6.468667415878619487e-01
1.227941800275266004e+00 6.643218131965433759e-01
1.239247428845291932e+00 6.817661525082008289e-01
1.250468922631495339e+00 6.992048614716527277e-01
1.261628826297148676e+00 7.166431755592022057e-01
1.272749817806347217e+00 7.340864364193796510e-01
1.283854564664356879e+00 7.515400574391210009e-01
1.294965595384614421e+00 7.690094922981136616e-01
1.306105183079501852e+00 7.865002058490516701e-01
1.317297611243807065e+00 8.040182265595910982e-01
1.328562113131532829e+00 8.215684233675852877e-01
1.339919376479280277e+00 8.391560850747561418e-01
1.351389314503981698e+00 8.567863759534187773e-01
1.362990957018185734e+00 8.744643054693134188e-01
1.374742351026412956e+00 8.921946998422951580e-01
1.386660472058593108e+00 9.099821758134192251e-01
1.398761147325192633e+00 9.278311169521875623e-01
1.411058991591828349e+00 9.457456527972655236e-01
1.423567356472719592e+00 9.637296410797950852e-01
1.436298293636493639e+00 9.817866532305656868e-01
1.449262532208645204e+00 9.999199633220705596e-01
1.462469470446193576e+00 1.018132540545014786e+00
1.475927181555606094e+00 1.036427045266937519e+00
1.489642433328349558e+00 1.054805828668881951e+00
1.503620721082385758e+00 1.073270935906280643e+00
1.517864466169549953e+00 1.091823637528343216e+00
1.532378998512123447e+00 1.110465960976800393e+00
1.547166248572494851e+00 1.129199069330026894e+00
1.562227134345641533e+00 1.148023867498142003e+00
1.572358739048174359e+00 1.165585965496292120e+00
1.580678409560018149e+00 1.182687990178568516e+00
1.589192308471213400e+00 1.199851328154167174e+00
1.597921038492545076e+00 1.217081887107326788e+00
1.606883768235011223e+00 1.234385260886842195e+00
1.616098145269685649e+00 1.251766700671847588e+00
1.625580225543921564e+00 1.269231090081814228e+00
1.635344418779558051e+00 1.286782924223088376e+00
1.645403450931791411e+00 1.304426293049226082e+00
1.655768343074350168e+00 1.322164868960220341e+00
1.666448406274954275e+00 1.340001898614876286e+00
1.677451251824456868e+00 1.357940198873128779e+00
1.688782816001915599e+00 1.375982156732105555e+00
1.700447398398786003e+00 1.394129733071001187e+00
1.712447712690245538e+00 1.412384469976749601e+00
1.724784948631666648e+00 1.430747501385190024e+00
1.737458843974075906e+00 1.449219566741641430e+00
1.750467764934302117e+00 1.467801027360235322e+00
1.763808793822727594e+00 1.486491885143841341e+00
1.777477822423387366e+00 1.505291803315105037e+00
1.791469649736010972e+00 1.524200128804351628e+00
1.805778083306545989e+00 1.543215916102251839e+00
1.820396043481649961e+00 1.562337952410385533e+00
1.835315663427396604e+00 1.581564782109852629e+00
1.850528392330755389e+00 1.600894732594746017e+00
1.866025096238515646e+00 1.620325939933234149e+00
1.881796156121824826e+00 1.639856374225736602e+00
1.897831562498108804e+00 1.659483864455418400e+00
1.914130298542483954e+00 1.679167800535927402e+00
1.930986133198095089e+00 1.697635042119009396e+00
1.948215430631841993e+00 1.715378613986840106e+00
1.965651383699819732e+00 1.732946664520758739e+00
1.983284317980532840e+00 1.750332785694148408e+00
2.001104533028050803e+00 1.767530756350840893e+00
2.019102360458163048e+00 1.784534561813512887e+00
2.037268216737391668e+00 1.801338409945555163e+00
2.055592650690968526e+00 1.817936743856706450e+00
2.074066385815047653e+00 1.834324251464411581e+00
2.092680357539073555e+00 1.850495872138493425e+00
2.111425745636271056e+00 1.866446800666373251e+00
2.130294002023593425e+00 1.882172488780940345e+00
2.149276874227598277e+00 1.897668644492910728e+00
2.168366424819924365e+00 1.912931229465499872e+00
2.187555047146033438e+00 1.927956454661393426e+00
2.206835477684400804e+00 1.942740774481287458e+00
2.226200805381373105e+00 1.957280879600188594e+00
2.245644478310803382e+00 1.971573688692657145e+00
2.265160308008987489e+00 1.985616339221746962e+00
2.284742471837008626e+00 1.999406177449501554e+00
2.304385513728829604e+00 2.012940747809026654e+00
2.324084343702793820e+00 2.026217781761450176e+00
2.343366344361560216e+00 2.039181471186219063e+00
2.362535303510631124e+00 2.051874347022902167e+00
2.381848003017896342e+00 2.064324357234132101e+00
2.401298748535515948e+00 2.076527277028392238e+00
2.420881941798695092e+00 2.088479006845911368e+00
2.440592069468005665e+00 2.100175570472067488e+00
2.460423693236903464e+00 2.111613113781895645e+00
2.480371441114453734e+00 2.122787904053196950e+00
2.500429999805569903e+00 2.133696329789982915e+00
2.520594108121675170e+00 2.144334901001745397e+00
2.540858551363447404e+00 2.154700249886861041e+00
2.561218156624447850e+00 2.164789131870907379e+00
2.581667788970461785e+00 2.174598426952172314e+00
2.602202348454067948e+00 2.184125141308108198e+00
2.622816767927663495e+00 2.193366409117611049e+00
2.643506011621100882e+00 2.202319494554480173e+00
2.664265074451954707e+00 2.210981793908282089e+00
2.684575681463660768e+00 2.219370733025393783e+00
2.704840104399319767e+00 2.227479461716793008e+00
2.725131414635008742e+00 2.235304577698388417e+00
2.745453631933645333e+00 2.242844485778340058e+00
2.765806859426689357e+00 2.250097705504446211e+00
2.786193767337105331e+00 2.257062488194277794e+00
2.806617356190888479e+00 2.263736904745791367e+00
2.827080951580324797e+00 2.270118824346760267e+00
2.847645374581094568e+00 2.276730918421383976e+00
2.868510784299768357e+00 2.285277624729500356e+00
2.889484595105689113e+00 2.294055542876325848e+00
2.910547467307216696e+00 2.302853179648587378e+00
2.931705770377600828e+00 2.311670116554441101e+00
2.952966271657685660e+00 2.320505919372916726e+00
2.974336133789382774e+00 2.329360140733810702e+00
2.995822909824934488e+00 2.338232322930223983e+00
3.017434535640397097e+00 2.347122000986060719e+00
3.039179319178423100e+00 2.356028706007633478e+00
3.061065923486812501e+00 2.364951969122407682e+00
3.083103354827256837e+00 2.373891324744886511e+00
3.105300939246433245e+00 2.382846314972588253e+00
3.127668293909946051e+00 2.391816494356779899e+00
3.150215295740756538e+00 2.400801434741197671e+00
3.172952044924234549e+00 2.409800730397680724e+00
3.195888823036515447e+00 2.418814003441297267e+00
3.219036045602079898e+00 2.427840909501572941e+00
3.242404208944883237e+00 2.436881143618101042e+00
3.266003831265181123e+00 2.445934446321986755e+00
3.289845387950941280e+00 2.455000609856030636e+00
3.313939241218172960e+00 2.464079484479294369e+00
3.338295564267726778e+00 2.473170984793655158e+00
3.362921685983863540e+00 2.482275335455728982e+00
3.387828985686270222e+00 2.491392421162044624e+00
3.413026461340863627e+00 2.500522393406339194e+00
3.438522541296713975e+00 2.509665494250137296e+00
3.464324988227793334e+00 2.518822061356305486e+00
3.490440798510588305e+00 2.527992532761583089e+00
3.516876094211262238e+00 2.537177451597317557e+00
3.543635999216562027e+00 2.546377471419094984e+00
3.570724553157978320e+00 2.555593357530852039e+00
3.598144607381570825e+00 2.564825989213886714e+00
3.625897723629992964e+00 2.574076361036525373e+00
3.653984076714175355e+00 2.583345583167143467e+00
3.682402362484602065e+00 2.592634880621988991e+00
3.711149712425300784e+00 2.601945591390786294e+00
3.740221616185813058e+00 2.611279163395129999e+00
3.769611853336729990e+00 2.620637150248871894e+00
3.799312435582042013e+00 2.630021205805460838e+00
3.829313560586391496e+00 2.639433077492839175e+00
3.859603578714994043e+00 2.648874598437647165e+00
3.884915716940480213e+00 2.658720657522739561e+00
3.907569856818184029e+00 2.668792073420740874e+00
3.930518703173271344e+00 2.680260224776013889e+00
3.953955155065572491e+00 2.697193305101202032e+00
3.977518964814552582e+00 2.715044796352111600e+00
4.001186097100668526e+00 2.733308174216522612e+00
4.024966076364234091e+00 2.751989057673508654e+00
4.048867987164297411e+00 2.771093461659463575e+00
4.072900369063688686e+00 2.790627740520100097e+00
4.097071114941327252e+00 2.810598524774220230e+00
4.121387373536520293e+00 2.831012652036395405e+00
4.145855457015065859e+00 2.851877092983940098e+00
4.170480754334367823e+00 2.873198873286735289e+00
4.195267651172437162e+00 2.894984992446743899e+00
4.220219457171237920e+00 2.917242340518829469e+00
4.245338341225935785e+00 2.939977613705019976e+00
4.270625275526298559e+00 2.963197229828378632e+00
4.296079989022186574e+00 2.986907244703138176e+00
4.321700930940708396e+00 3.011113270418585675e+00
4.347485244926020620e+00 3.035820396549361977e+00
4.373428754303742672e+00 3.061033115288068984e+00
4.399525958889060284e+00 3.086755251471922090e+00
4.425772191501364361e+00 3.112990383582144638e+00
4.452157011132250375e+00 3.139740339266859692e+00
4.478670961051004262e+00 3.167006554591771827e+00
4.505303466789088773e+00 3.194789607058834857e+00
4.532042809755451707e+00 3.223089165946094958e+00
4.558876183491235246e+00 3.251903966364800169e+00
4.585789769683278116e+00 3.281231794907664145e+00
4.612768827192152088e+00 3.311069486036345655e+00
4.639797791782591219e+00 3.341412929104716767e+00
4.665226710281006994e+00 3.377544046973505409e+00
4.681930574985521787e+00 3.439134180781474370e+00
4.697138638354235951e+00 3.502594723945812838e+00
4.712461418854155148e+00 3.565195840720261966e+00
4.728134660225209451e+00 3.627623629791920212e+00
4.744274062693754956e+00 3.690441667175034191e+00
4.760921996264221967e+00 3.754105081752621142e+00
4.778077431138824771e+00 3.818978312581079670e+00
4.795714709852631152e+00 3.885352158759597163e+00
4.813795142770846525e+00 3.953458535739928781e+00
4.832274072204378434e+00 4.023482628323825416e+00
4.851105106141552881e+00 4.095572648681552685e+00
4.870242596698224347e+00 4.169847572532293434e+00
4.891830934379290063e+00 4.243034225967860174e+00
4.919022691195943153e+00 4.309388515764059235e+00
4.946389348125165952e+00 4.374855597418801700e+00
4.967859961700001215e+00 4.434594970503964007e+00
4.984963024225578465e+00 4.490024958867921967e+00
5.001634644042241007e+00 4.544667562655492432e+00
5.017886946104831658e+00 4.598538292176009179e+00
5.033733243979982674e+00 4.651653601635110213e+00
5.049187977582509923e+00 4.704030810313251543e+00
5.064266646533846838e+00 4.755688020716699604e+00
5.078985739356796536e+00 4.806644034027772960e+00
5.093362658756984018e+00 4.856918263210732611e+00
5.107415643281427720e+00 4.906530644161047228e+00
5.121163685687065481e+00 4.955501545317970269e+00
5.134626448395662734e+00 5.003851676191263920e+00
5.147824176454101952e+00 5.051601995282134716e+00
5.160777611435070966e+00 5.098773620402068829e+00
5.173507903461352697e+00 5.145387739060172549e+00
5.186036514208283599e+00 5.191465513082596850e+00
5.198385125579324750e+00 5.237027989945143069e+00
5.210575548650226096e+00 5.282096016267272098e+00
5.222432112659685544e+00 5.327016778814295250e+00
5.232961253274400093e+00 5.373590058047743589e+00
5.243243205182301026e+00 5.420638127939737316e+00
5.253516590698423805e+00 5.467915343406046347e+00
5.263802799758166451e+00 5.515440147714820718e+00
5.274122539722084113e+00 5.563230670318446869e+00
5.284495770051943708e+00 5.611304657242711436e+00
5.294941630943508670e+00 5.659679395502299037e+00
5.305478406725531393e+00 5.708371665874272693e+00
5.316123483012090034e+00 5.757397690051965000e+00
5.326893297471313460e+00 5.806773071940148689e+00
5.337803305334077208e+00 5.856512750984238735e+00
5.348867951289806300e+00 5.906630960702381472e+00
5.360100647711854904e+00 5.957141192508250249e+00
5.371513759103104135e+00 6.008056164862882298e+00
5.383118592605526942e+00 6.059387797747005422e+00
5.394925394375807315e+00 6.111147192402588857e+00
5.406943351593154645e+00 6.163344616253154662e+00
5.419180599835460299e+00 6.215989492877670664e+00
5.431644235535014964e+00 6.269090396882987193e+00
5.444340333206223015e+00 6.322655053493440924e+00
5.457273967123127179e+00 6.376690342654860899e+00
5.470449238994083530e+00 6.431202309093593250e+00
5.483869307355109690e+00 6.486196174636243761e+00
5.497536419701419597e+00 6.541676353713057779e+00
5.511451948790761612e+00 6.597646473359829677e+00
5.525616431735977940e+00 6.654109396541745269e+00
5.540029611547788946e+00 6.711067248528656215e+00
5.554690480782900508e+00 6.768521446037767397e+00
5.569597326933996229e+00 6.826472728835078385e+00
5.584747779145292412e+00 6.884921193430849407e+00
5.600329678919294452e+00 6.943440219680212522e+00
5.616576941014919555e+00 7.001264854258321790e+00
5.633051639316739134e+00 7.058848170507896924e+00
5.649734855147440449e+00 7.116207313789793432e+00
5.666623579490877916e+00 7.173337506686204179e+00
5.683714409683014779e+00 7.230233630099128561e+00
5.701003595546024094e+00 7.286890271788919904e+00
5.718487090069775292e+00 7.343301778054255102e+00
5.736160620725355486e+00 7.399462322497169176e+00
5.754021767602684356e+00 7.455367724037013311e+00
5.772063963771281614e+00 7.511010200441467610e+00
5.790282402211159862e+00 7.566383557718388886e+00
5.808672189936026520e+00 7.621481567864325513e+00
5.827228389192808500e+00 7.676298006843937927e+00
5.842646940365892938e+00 7.728015572179524284e+00
5.854835928204193962e+00 7.776595759240563233e+00
5.870314480580656635e+00 7.826473852734001646e+00
5.889388205759944483e+00 7.874697290934120630e+00
5.910432405198279504e+00 7.921671359911576893e+00
5.933091517940863646e+00 7.967134410282771917e+00
5.957147392873841873e+00 8.010756146613330131e+00
5.982393855025661900e+00 8.052220636172275903e+00
6.008533677291270969e+00 8.091766079392071376e+00
6.035174396841998856e+00 8.129995596168141603e+00
6.057238848473330606e+00 8.162921896679195655e+00
6.079527281492271840e+00 8.193680698269872664e+00
6.102038447242899011e+00 8.222215727528077167e+00
6.124768254050366068e+00 8.248463041944717133e+00
6.147708383095022988e+00 8.272349958663475888e+00
6.170844413124905614e+00 8.293794007006173530e+00
6.194153316689353872e+00 8.312702041156775579e+00
6.217600178059940141e+00 8.328969741697534346e+00
6.241133995211836982e+00 8.342481869059184874e+00
6.264682492908121070e+00 8.353113815481217230e+00
6.288146035771262632e+00 8.360735229355938714e+00
6.311391052324230699e+00 8.365216720464406563e+00
6.334243933766362744e+00 8.366440799096359626e+00
6.356487192040849443e+00 8.364318061008011895e+00
6.377860663536771391e+00 8.358808893772668114e+00
6.398071371116174966e+00 8.349949294019459956e+00
6.416815555644101998e+00 8.337876607356761838e+00
6.433856586168865910e+00 8.323004710294295450e+00
6.453660560187487683e+00 8.319750949141932139e+00
6.476225067903879307e+00 8.324918501337876364e+00
6.498939382276077481e+00 8.330205558424820467e+00
6.521810483127612024e+00 8.335613005530401409e+00
6.544847914482809337e+00 8.341141120959511213e+00
6.568057457311599734e+00 8.346791512902273169e+00
6.591447629760650351e+00 8.352565129569402558e+00
6.615027408357327943e+00 8.358462987206623396e+00
6.638806175941214249e+00 8.364486196966783638e+00
6.662793664806976324e+00 8.370635990578687569e+00
6.686999896723402337e+00 8.376913744209945278e+00
6.711435125183197847e+00 8.383320999101080417e+00
6.736109733302447999e+00 8.389859490445644497e+00
6.761034145678933349e+00 8.396531168705255510e+00
6.786218731473636190e+00 8.403338219332045611e+00
6.811673699158546036e+00 8.410283080473478279e+00
6.837408983562495379e+00 8.417368458225471528e+00
6.863434126040369065e+00 8.424597338999713969e+00
6.889758148786574665e+00 8.431972998585994361e+00
6.916389424503698535e+00 8.439499007507789585e+00
6.943335542820637585e+00 8.447179232305584762e+00
6.970603175023713405e+00 8.455017832426152680e+00
6.998197938815033048e+00 8.463019252448210850e+00
7.026124264941600472e+00 8.471188209443704764e+00
7.054385409024050091e+00 8.479529652210681334e+00
7.082983341677665301e+00 8.488048740875390408e+00
7.111917863770333526e+00 8.496750940162890231e+00
7.141187336975081124e+00 8.505641846501811543e+00
7.170788413110666504e+00 8.514727182360385171e+00
7.200715928568580892e+00 8.524012759588551091e+00
7.230962830435513133e+00 8.533504435884195161e+00
7.261520124530283837e+00 8.543208066970679582e+00
7.292376846310054006e+00 8.553129455337298737e+00
7.320923433680565751e+00 8.563555689706074503e+00
7.344021039373132886e+00 8.574766007999013340e+00
7.367712014880291704e+00 8.586079860871777214e+00
7.391940226884223364e+00 8.597512586726091754e+00
7.416661394770886595e+00 8.609077079027652957e+00
7.441840155245746935e+00 8.620784384395188127e+00
7.467840716060080375e+00 8.631458600122551061e+00
7.491579503241741378e+00 8.640428933321897986e+00
7.512767124199964286e+00 8.649537674593920755e+00
7.534261535520486497e+00 8.658598975536557774e+00
7.556063100722557380e+00 8.667612010154790880e+00
7.578172349146197639e+00 8.676575936420599433e+00
7.600589912416635840e+00 8.685489900684762787e+00
7.623316451136936678e+00 8.694353043213221000e+00
7.646352573040287481e+00 8.703164504809917545e+00
7.669698743969901145e+00 8.711923434461164462e+00
7.693355193173869289e+00 8.720628997924547932e+00
7.717321814500775368e+00 8.729280387161646004e+00
7.741598065159505992e+00 8.737876830497913971e+00
7.766182863761554422e+00 8.746417603378288774e+00
7.791074489394869573e+00 8.754902039570326977e+00
7.816270483484464293e+00 8.763329542654352267e+00
7.841767556175931020e+00 8.771699597631309686e+00
7.867561498932968078e+00 8.780011782468752912e+00
7.893647104969454098e+00 8.788265779400264321e+00
7.920018099040987636e+00 8.796461385792866849e+00
7.946667078000227313e+00 8.804598524394334547e+00
7.973585463377078852e+00 8.812677252778657433e+00
8.000763467079293534e+00 8.820697771811254029e+00
8.028190071124665650e+00 8.828660432969677174e+00
8.055853022113641515e+00 8.836565744362410157e+00
8.083738840935739134e+00 8.844414375310725163e+00
8.111832847975572136e+00 8.852207159370632183e+00
8.140119203850378682e+00 8.859945095698066098e+00
8.168580965472793665e+00 8.867629348680871715e+00
8.197200156995155140e+00 8.875261245786502329e+00
8.225957854958869220e+00 8.882842273601884386e+00
8.254834286748234717e+00 8.890374072068810918e+00
8.283808941236699752e+00 8.897858426944814880e+00
8.312860690319338275e+00 8.905297260550003813e+00
8.341967919851096980e+00 8.912692620885476202e+00
8.371108668360298211e+00 8.920046669236228354e+00
8.400260771783255365e+00 8.927361666395078998e+00
8.429402012371788544e+00 8.934639957668034427e+00
8.458524223097237282e+00 8.942016678481959246e+00
8.487654029716582116e+00 8.949956690970038764e+00
8.516717352572221955e+00 8.957979440924042080e+00
8.545686139772108447e+00 8.966021749979812938e+00
8.574542469382919307e+00 8.974085487068617084e+00
8.603264225164735990e+00 8.982172956756373949e+00
8.631832892716820638e+00 8.990286056693509664e+00
8.660231038309525786e+00 8.998426552053958360e+00
8.688442387241023468e+00 9.006596068371552022e+00
8.716451909582325186e+00 9.014796083693177309e+00
8.744245896525427497e+00 9.023027921846827226e+00
8.771812026273346774e+00 9.031292746923982762e+00
8.799139413315723246e+00 9.039591559612748739e+00
8.826218639522014797e+00 9.047925195521445474e+00
8.853041774654386131e+00 9.056294324661378070e+00
8.879602382093368718e+00 9.064699452514528133e+00
8.905895510199417942e+00 9.073140922619566950e+00
8.931917669923850056e+00 9.081618920589759725e+00
8.957666799456090345e+00 9.090133479456106613e+00
8.983142216848840178e+00 9.098684486220438572e+00
9.008344561694496377e+00 9.107271689485250121e+00
9.033275727035492864e+00 9.115894708020574555e+00
9.057938782775801556e+00 9.124553040122737713e+00
9.082337891919783246e+00 9.133246073610472138e+00
9.106478221000196882e+00 9.141973096311339475e+00
9.130365846066426982e+00 9.150733306883294560e+00
9.154007655592018011e+00 9.159525825828495726e+00
9.177411251625114730e+00 9.168349706554629108e+00
9.200584850451825503e+00 9.177203946355433573e+00
9.223537183969577669e+00 9.186087497183441641e+00
9.246277402880743068e+00 9.194999276104045549e+00
9.268814982717076489e+00 9.203938175332929461e+00
9.291159633595126977e+00 9.212903071765440544e+00
9.313299668328323122e+00 9.221674831819745677e+00
9.335230209304620885e+00 9.230097573041462056e+00
9.356996596426711221e+00 9.238519236250484212e+00
9.378609271968111116e+00 9.246944598386740211e+00
9.400077970922815496e+00 9.255372853617259921e+00
9.421412232730970615e+00 9.263803199531480459e+00
9.442621352386382227e+00 9.272234842649272224e+00
9.463714338225486244e+00 9.280667003359180711e+00
9.484699876278870789e+00 9.289098920277421456e+00
9.505586300986166748e+00 9.297529854030019081e+00
9.526381572005284681e+00 9.305959090467984751e+00
9.547093256787755777e+00 9.314385943328892026e+00
9.567728518544861060e+00 9.322809756370581624e+00
9.588294109191828340e+00 9.331229905003077363e+00
9.608796366830935298e+00 9.339645797449755094e+00
9.629241217318327273e+00 9.348056875476549621e+00
9.649634179451135552e+00 9.356462614723904281e+00
9.669980373312524691e+00 9.364862524679681499e+00
9.690284531321282202e+00 9.373256148338837690e+00
9.710551011545653921e+00 9.381643061582435550e+00
9.730783812862483728e+00 9.390022872319951475e+00
9.750986591566524808e+00 9.398395219433028913e+00
9.771162679062253886e+00 9.406759771553096172e+00
9.791315100301755336e+00 9.415116225712278464e+00
9.811446592663267907e+00 9.423464305895640436e+00
9.831559624998316593e+00 9.431803761524713892e+00
9.851656416608415512e+00 9.440134365901014846e+00
9.871738953592435806e+00 9.448455914896708663e+00
9.891809007272225784e+00 9.456768225366761982e+00
9.911868155570402905e+00 9.465071133174335571e+00
9.931917799476195796e+00 9.473364491725314807e+00
9.951959426774969586e+00 9.481650377423548548e+00
9.972036747750314234e+00 9.490307297884745807e+00
9.992139386389334632e+00 9.499243602549983123e+00
1.001223677423867109e+01 9.508187204869120279e+00
1.003232964473472144e+01 9.517138016372729936e+00
1.005241863612633502e+01 9.526095960306513177e+00
1.007250430792755047e+01 9.535060969619605586e+00
1.009258714465741136e+01 9.544032986425241560e+00
1.011266756457911953e+01 9.553011960904468580e+00
1.013274592769822924e+01 9.561997850304331692e+00
1.015282254297096642e+01 9.570990618043358822e+00
1.017289767477147677e+01 9.579990232908786041e+00
1.019297154867025412e+01 9.588996668345403762e+00
1.021304435657523157e+01 9.598009901824241297e+00
1.023311626128740670e+01 9.607029914285499572e+00
1.025318740052166433e+01 9.616056689649177258e+00
1.027325789044172843e+01 9.625090214386634813e+00
1.029332595583680643e+01 9.634130684618309459e+00
1.031339394316984404e+01 9.643177839038401089e+00
1.033346185248951521e+01 9.652231677603783311e+00
1.035352968384456851e+01 9.661292200271908825e+00
1.037359743728372585e+01 9.670359406999850194e+00
1.039366511285576067e+01 9.679433297745070774e+00
1.041373271060948369e+01 9.688513872465263077e+00
1.043380023059366835e+01 9.697601131117686180e+00
1.045386767285713248e+01 9.706695073659874495e+00
1.047393503744874721e+01 9.715795700049778105e+00
1.049400232441736236e+01 9.724903010245018464e+00
1.051406953381185616e+01 9.734017004203392887e+00
1.053413666568112284e+01 9.743137681882720003e+00
1.055420372007412766e+01 9.752265043241411746e+00
1.057427069703975242e+01 9.761399088236963451e+00
1.059433759662699792e+01 9.770539816827916724e+00
1.061440441888482233e+01 9.779687228972283819e+00
1.063447116386223712e+01 9.788841324628490881e+00
1.065453783160824841e+01 9.798002103754798853e+00
1.067460442217188898e+01 9.807169566309632103e+00
1.069467093560223958e+01 9.816343712251731191e+00
1.071473737194832943e+01 9.825524541539326862e+00
1.073480373125928011e+01 9.834712054131358627e+00
1.075487001358420969e+01 9.843906249986645207e+00
1.077493621897221487e+01 9.853107129063738867e+00
1.079500234747245635e+01 9.862314691321705240e+00
1.081506839913410190e+01 9.871528936719496272e+00
1.083513437400632640e+01 9.880749865216122529e+00
1.085520027213833849e+01 9.889977476770814846e+00
1.087526609357934504e+01 9.899211771342642407e+00
1.089533183837858488e+01 9.908452748890953288e+00
