0.000000000000000000e+00 0.000000000000000000e+00
-5.845136780119370989e-01 6.848909177522926051e-01
-5.650103425139144653e-01 7.026047777420447726e-01
-5.455058313787090052e-01 7.203483486731537822e-01
-5.260001470011502755e-01 7.381216318183433378e-01
-5.064932917748936614e-01 7.559246284408572825e-01
-4.869852680923827393e-01 7.737573397945002318e-01
-4.674760783448197454e-01 7.916197671236719913e-01
-4.479657249221284387e-01 8.095119116634087453e-01
-4.284542102129219598e-01 8.274337746394200277e-01
-4.089415366044673039e-01 8.453853572681290229e-01
-3.894277064826581203e-01 8.633666607567063167e-01
-3.699111148081690725e-01 8.813759446187284796e-01
-3.503929839684999936e-01 8.994145381497147262e-01
-3.308732385305689916e-01 9.174823604507182928e-01
-3.113517886244876465e-01 9.355793155669316352e-01
-2.918285275834753278e-01 9.537052900656859400e-01
-2.723033292620918866e-01 9.718601502916029977e-01
-2.527760450014290838e-01 9.900437392687426730e-01
-2.332465002091142492e-01 1.008255873219302545e+00
-2.137144905219310331e-01 1.026496337668538095e+00
-1.941797775192777298e-01 1.044764883106531705e+00
-1.746420839569843286e-01 1.063061220179213784e+00
-1.551010884933760603e-01 1.081385014383749787e+00
-1.355564198828736466e-01 1.099735880247554753e+00
-1.160076506175278244e-01 1.118113374975650220e+00
-9.645429000361127603e-02 1.136516991558601752e+00
-7.689577201734165701e-02 1.154946146419618902e+00
-5.733143452704470011e-02 1.173400158054324738e+00
-3.776053796180922628e-02 1.191878267484460796e+00
-1.818224498383591570e-02 1.210379617444978795e+00
1.404391500137713855e-03 1.228903240534338082e+00
2.100043929594763714e-02 1.247448048557618705e+00
4.060709842753629228e-02 1.266012821393107002e+00
6.022571312886060291e-02 1.284596195452391676e+00
7.985778424221268157e-02 1.303196651821878049e+00
9.950498192378165463e-02 1.321812504192830140e+00
1.191691585364526018e-01 1.340441886706980723e+00
1.388523615885228768e-01 1.359082741865906385e+00
1.585568465544718864e-01 1.377732808673571618e+00
1.782850893913154877e-01 1.396389611202993208e+00
1.980397985414721340e-01 1.415050447799206079e+00
2.178239261906477209e-01 1.433712381150860971e+00
2.376406785283617928e-01 1.452372229482180588e+00
2.574935247387352133e-01 1.471026559134019474e+00
2.773862044315349440e-01 1.489671678817862333e+00
2.973227344808825334e-01 1.508303634530801851e+00
3.173074126628511182e-01 1.526918207802052674e+00
3.373448179908646871e-01 1.545510917339289803e+00
3.574398090589737675e-01 1.564077022698860064e+00
3.775975193122214080e-01 1.582611531062453114e+00
3.978233489491279640e-01 1.601109207388975886e+00
4.181229531795871424e-01 1.619564588187929477e+00
4.385022265872845493e-01 1.637971999131637713e+00
4.589672833788829287e-01 1.656325576687527334e+00
4.795244333426682548e-01 1.674619293908253592e+00
5.001801533874092875e-01 1.692846990467232526e+00
5.209410545875398091e-01 1.711002406970381529e+00
5.418138447225342436e-01 1.729079223511607477e+00
5.628052863668769890e-01 1.747071102371513085e+00
5.839221506603101686e-01 1.764971734685663041e+00
6.051711669661430371e-01 1.782774890832687253e+00
6.265589687063315427e-01 1.800474474214070142e+00
6.480920357446556812e-01 1.818064578018323996e+00
6.697766337725257202e-01 1.835539544484392049e+00
6.916187512328578757e-01 1.852894026103095282e+00
7.136240343959735499e-01 1.870123048124587850e+00
7.357977212739632566e-01 1.887222071674176993e+00
7.581445751260896815e-01 1.904187056721762694e+00
7.806688183646781631e-01 1.921014524102197196e+00
8.033740677174241451e-01 1.937701615747311479e+00
8.262632715359616853e-01 1.954246152266096992e+00
8.493386501613267026e-01 1.970646686999698582e+00
8.726016402620863088e-01 1.986902555682219962e+00
8.960528440507747883e-01 2.003013920858892405e+00
9.196919842572996995e-01 2.018981810249391273e+00
9.435178656941451969e-01 2.034808148296400443e+00
9.675283441879034552e-01 2.050495780207883367e+00
9.917203035745573159e-01 2.066048487884509566e+00
1.016089641364187557e+00 2.081470997221548380e+00
1.040631263573470022e+00 2.096768976383741379e+00
1.065339089106101866e+00 2.111949024773494443e+00
1.090206063930688529e+00 2.127018652541693200e+00
1.115294224537224599e+00 2.142052779702344978e+00
1.142916288569496341e+00 2.159251131876475327e+00
1.171835886013307571e+00 2.177242734108527422e+00
1.200859968272201428e+00 2.194821145796470141e+00
1.229974311813439414e+00 2.211994679079829940e+00
1.259164238956088200e+00 2.228772548253379782e+00
1.288414726248161113e+00 2.245164815919475032e+00
1.317710517379022228e+00 2.261182330009495089e+00
1.347036239234868704e+00 2.276836652304288222e+00
1.376376519647749541e+00 2.292139979214908863e+00
1.405716105356602519e+00 2.307105055704723462e+00
1.435039978693620988e+00 2.321745083340238658e+00
1.464333470323798014e+00 2.336073624917276881e+00
1.493582368844800001e+00 2.350104504383756510e+00
1.522773025630502541e+00 2.363851703464037168e+00
1.551892452101480302e+00 2.377329257983475497e+00
1.580928409010960767e+00 2.390551154357350327e+00
1.609869486699567087e+00 2.403531227542945015e+00
1.638705175386302004e+00 2.416283061774751051e+00
1.667425924643047619e+00 2.428819895470591295e+00
1.696023191145719533e+00 2.441154531944707440e+00
1.724489473189665389e+00 2.453299258570830421e+00
1.752818326380525482e+00 2.465265782797456229e+00
1.781002964725136639e+00 2.477067069935274812e+00
1.809040404537805014e+00 2.488711765101754736e+00
1.836927455774988172e+00 2.500209410902580309e+00
1.864661989123958197e+00 2.511568726631486115e+00
1.892242907240808458e+00 2.522797574722962732e+00
1.919670106766365736e+00 2.533902937057654459e+00
1.946944431968580691e+00 2.544890901154167828e+00
1.974067620944848001e+00 2.555766656153931393e+00
2.001042245385194818e+00 2.566534498387087027e+00
2.027871644944692520e+00 2.577197846197186060e+00
2.054559857302385772e+00 2.587759263602982251e+00
2.081111544994114659e+00 2.598220492287298899e+00
2.107531920100448541e+00 2.608582491327361641e+00
2.133826667848107039e+00 2.618845484017444658e+00
2.160001870146282865e+00 2.629009011083701886e+00
2.186063930030540003e+00 2.639071989552626452e+00
2.212019497926501543e+00 2.649032776506976550e+00
2.237875400577571394e+00 2.658889236946615053e+00
2.263638573405085896e+00 2.668638814964141126e+00
2.290555854824085635e+00 2.675806647952156059e+00
2.319763015780229143e+00 2.677889586890876750e+00
2.348740212833198449e+00 2.679793732891376123e+00
2.377482243247652782e+00 2.681536349410933884e+00
2.405985229342860521e+00 2.683133693871332159e+00
2.434246589705848507e+00 2.684600938574482676e+00
2.461448772821695830e+00 2.685654030563505934e+00
2.485131360358673991e+00 2.685493281541678545e+00
2.508358309957206433e+00 2.685479094481387552e+00
2.531488978904443687e+00 2.685772608878056467e+00
2.554520262417777410e+00 2.686378269416930920e+00
2.577449612445787963e+00 2.687299181262906345e+00
2.600275024990110762e+00 2.688537160802778381e+00
2.622995023386028635e+00 2.690092794652730657e+00
2.645608637963361431e+00 2.691965505782010215e+00
2.668115382534769431e+00 2.694153625579132516e+00
2.690515228172513762e+00 2.696654470681560500e+00
2.712808574742478385e+00 2.699464423404514424e+00
2.734996220320545568e+00 2.702579015408418162e+00
2.757079329776334742e+00 2.705993011647351842e+00
2.779059402385767985e+00 2.709700494904483392e+00
2.800938240756127851e+00 2.713694945806568448e+00
2.822717915196814698e+00 2.717969331461463245e+00
2.844400732108400387e+00 2.722516183529494871e+00
2.865989202019101345e+00 2.727327675617100766e+00
2.887486008541436444e+00 2.732395697202946394e+00
2.908893978524270008e+00 2.737711923568276084e+00
2.930216053618326821e+00 2.743267881339675807e+00
2.951455263434938914e+00 2.749055009346727196e+00
2.972614700439561108e+00 2.755064714586926478e+00
2.993697496685018056e+00 2.761288423174834250e+00
3.014706802454706569e+00 2.767717626230607575e+00
3.035645766853503513e+00 2.774343920734067659e+00
3.056517520179146352e+00 2.781159045810093655e+00
3.077325156694832753e+00 2.788154917497755125e+00
3.098071721714449112e+00 2.795323653678539078e+00
3.118760199488768148e+00 2.802657596850480548e+00
3.139393502145966686e+00 2.810149334254433473e+00
3.159974459963744486e+00 2.817791714821403115e+00
3.180505816396995922e+00 2.825577855779175529e+00
3.200990221581975881e+00 2.833501152347714491e+00
3.221430227428064619e+00 2.841555283931559650e+00
3.241828283749922157e+00 2.849734218025790966e+00
3.262186735196645149e+00 2.858032212390604343e+00
3.282507818736414062e+00 2.866443816032427261e+00
3.302793661362316335e+00 2.874963869708837549e+00
3.323046359728055510e+00 2.883587337006856988e+00
3.343267873245061583e+00 2.892309522976326264e+00
3.363460043119021137e+00 2.901126030050596771e+00
3.383624609811882067e+00 2.910032717958363158e+00
3.403115310861679621e+00 2.918783908849018172e+00
3.420112906071291370e+00 2.926739687954985403e+00
3.436944793630059447e+00 2.935034914892663771e+00
3.453863739243442144e+00 2.943794745077177755e+00
3.470867779089279903e+00 2.953019033023523310e+00
3.487954916524649729e+00 2.962707708958217001e+00
3.505123119291774003e+00 2.972860770149658549e+00
3.522370317082052615e+00 2.983478273429775118e+00
3.539694399293401794e+00 2.994560328884048772e+00
3.557093212836769158e+00 3.006107094662363366e+00
3.574564559870151648e+00 3.018118772842910857e+00
3.592106195362103627e+00 3.030595606265314768e+00
3.609715824410568707e+00 3.043537876236528827e+00
3.627391099266613850e+00 3.056945901003591537e+00
3.645129616036602460e+00 3.070820034880973548e+00
3.662928911058688453e+00 3.085160667915658461e+00
3.680818059835284650e+00 3.099930480202425009e+00
3.699085277291148000e+00 3.114794183583475373e+00
3.717367822628477647e+00 3.130188729877855902e+00
3.735653048735732007e+00 3.146121108995315829e+00
3.753927897220257215e+00 3.162598102063604255e+00
3.772178912039486853e+00 3.179626290869765004e+00
3.790392249152126691e+00 3.197212070151721708e+00
3.808553681799053958e+00 3.215361662699097955e+00
3.826648601015849138e+00 3.234081137236344272e+00
3.844662010960760767e+00 3.253376429084069876e+00
3.862578518609658396e+00 3.273253363625023393e+00
3.880382317322101038e+00 3.293717682641745803e+00
3.898585784964301748e+00 3.314292993534293963e+00
3.915640748291075557e+00 3.334154820689570364e+00
3.927092149673225396e+00 3.349881653805387494e+00
3.939416291983564022e+00 3.368716964188593455e+00
3.953157652430033586e+00 3.391644577953502271e+00
3.968828615442098862e+00 3.418100954539724068e+00
3.985545439551504643e+00 3.448443676043479567e+00
4.003023219972352109e+00 3.482630094551336430e+00
4.020977927885838632e+00 3.520629083071867171e+00
4.039124827934263529e+00 3.562417946204652797e+00
4.057176950237176172e+00 3.607980445377999779e+00
4.074843067057081214e+00 3.657305694721671330e+00
4.091824733825065508e+00 3.710387751258548583e+00
4.107811983900873543e+00 3.767225786139589694e+00
4.122596903204629015e+00 3.827953538501901676e+00
4.141686675065356482e+00 3.889915160318211829e+00
4.160780968392972845e+00 3.951619359024390210e+00
4.179802179501606041e+00 4.012948338296429718e+00
4.198748412875415781e+00 4.073903452627327226e+00
4.217618010119667638e+00 4.134486014135489107e+00
4.236409587516847708e+00 4.194697278394632356e+00
4.255122067250900031e+00 4.254538431827123546e+00
4.273754707080946069e+00 4.314010579097788067e+00
4.292307128143590944e+00 4.373114730619025003e+00
4.310779340430880069e+00 4.431851790330320284e+00
4.329171765496913515e+00 4.490222543922596010e+00
4.347485255959996131e+00 4.548227647682708152e+00
4.365721109361928143e+00 4.605867618856476220e+00
4.383881074596868821e+00 4.663142828248247440e+00
4.401967369124396789e+00 4.720053488602415470e+00
4.419982677852495101e+00 4.776599649127224900e+00
4.437930148154963561e+00 4.832781191187433656e+00
4.455813382973881964e+00 4.888597824508138956e+00
4.473636430428078903e+00 4.944049084503893354e+00
4.491401652924280619e+00 4.999135123715420903e+00
4.509063506088240914e+00 5.053801511337487895e+00
4.526344463062550894e+00 5.107837950848535868e+00
4.543516226610427644e+00 5.162043383548526876e+00
4.560641460051686913e+00 5.216567564410691027e+00
4.577725784958312616e+00 5.271408223830509776e+00
4.594775054362591149e+00 5.326563058346724944e+00
4.611795302323612233e+00 5.382029749988085143e+00
4.628792689700167884e+00 5.437805986350777054e+00
4.645773446614486879e+00 5.493889481203419578e+00
4.662743812137144950e+00 5.550277995409138576e+00
4.679709971761377041e+00 5.606969357949690647e+00
4.696677993264783524e+00 5.663961486835548342e+00
4.713653761577539569e+00 5.721252409687766161e+00
4.730642913288587437e+00 5.778840283782246345e+00
4.747650771425243832e+00 5.836723415354663658e+00
4.764682281137334385e+00 5.894900277974402414e+00
4.781741946905029295e+00 5.953369529808081317e+00
4.798833771217571709e+00 6.012130029831754818e+00
4.815961197143726835e+00 6.071180852202815004e+00
4.833127053794051164e+00 6.130521299198633756e+00
4.850333505338422668e+00 6.190150912549739814e+00
4.867582004255889494e+00 6.250069482997457015e+00
4.884873249251826977e+00 6.310277057994269079e+00
4.902207148237553547e+00 6.370773947481547239e+00
4.919582786728042834e+00 6.431560727695283752e+00
4.936998401974561190e+00 6.492638242965025341e+00
4.954451363112039708e+00 6.554007605484899912e+00
4.971938157565940486e+00 6.615670193047899161e+00
4.989454383930766568e+00 6.677627644745477653e+00
5.006994751502153562e+00 6.739881854644245607e+00
5.024553086616620590e+00 6.802434963460002315e+00
5.042234562056941982e+00 6.865423506773990603e+00
5.060184294769256574e+00 6.928824227568181726e+00
5.078146381831911249e+00 6.991847135481562781e+00
5.096100906667926367e+00 7.054462492568293719e+00
5.114037918585279563e+00 7.116674078405248238e+00
5.131946827951278323e+00 7.178485993119272379e+00
5.150125943116970362e+00 7.239798989506440741e+00
5.170454443332742400e+00 7.299977588781445981e+00
5.189755910718601761e+00 7.360085856086587164e+00
5.208046766969624208e+00 7.420126125846822518e+00
5.225339651116795991e+00 7.480102106280316576e+00
5.241643492304047136e+00 7.540018905411380423e+00
5.256963517078327541e+00 7.599883081183035571e+00
5.272779123821213609e+00 7.659181411239632808e+00
5.289888476561263708e+00 7.717627115095592849e+00
5.306845276145539358e+00 7.775728451785597350e+00
5.323987117324544549e+00 7.834027179059047441e+00
5.342289943770029303e+00 7.893654665267511028e+00
5.360810709685294384e+00 7.951756189109809192e+00
5.379500248626342795e+00 8.008138787795438418e+00
5.398422159533744491e+00 8.062890510187449067e+00
5.417658070893971001e+00 8.116110982537431795e+00
5.436981590394557529e+00 8.167416107646653600e+00
5.455957065083021362e+00 8.216312193369034844e+00
5.475237524080331042e+00 8.264120915355237074e+00
5.494940533897496593e+00 8.310967981372485269e+00
5.515183242802044639e+00 8.356941254039465861e+00
5.536107981247758936e+00 8.402133695372498323e+00
5.557887024065469639e+00 8.446641759543386030e+00
5.580728045945001270e+00 8.490562618001629147e+00
5.604880169177275384e+00 8.533989693017739242e+00
5.630640309708780933e+00 8.577005804783844667e+00
5.658359199195963640e+00 8.619673057467872823e+00
5.688445936964638960e+00 8.662018452930823287e+00
5.721369148414043870e+00 8.704014236811765670e+00
5.757651779234342015e+00 8.745552348915014207e+00
5.797855345840026153e+00 8.786413381622166341e+00
5.842548483348786625e+00 8.826232526567972414e+00
5.892254713908246622e+00 8.864468406132123945e+00
5.947376884824391752e+00 8.900385160420768216e+00
6.008102169412310012e+00 8.933062278298438130e+00
6.073931381154912046e+00 8.961371328942455250e+00
6.109730712299613842e+00 8.979374180776529712e+00
6.123685871523548485e+00 8.992745584832743333e+00
6.137509841881684913e+00 9.006275693812344940e+00
6.151207925583323188e+00 9.019939857194296806e+00
6.164786178459838339e+00 9.033713173065301305e+00
6.178251371698908478e+00 9.047570680967929491e+00
6.191610945359133922e+00 9.061487555052748277e+00
6.204872954254496698e+00 9.075439295186290778e+00
6.218046007015403553e+00 9.089401913371508712e+00
6.231139199816463581e+00 9.103352110837967359e+00
6.244162043440726784e+00 9.117267452225085833e+00
6.257124386854867382e+00 9.131126526265815002e+00
6.270036338023942335e+00 9.144909092763509051e+00
6.282908182758227156e+00 9.158596215462305068e+00
6.295750300693834234e+00 9.172170386001603504e+00
6.308573083575687690e+00 9.185615623916811856e+00
6.321386854546781287e+00 9.198917560383515379e+00
6.334201789813954875e+00 9.212063503983968005e+00
6.347027843735541630e+00 9.225042488001770735e+00
6.359874678291300043e+00 9.237845299115976516e+00
6.372751597836538551e+00 9.250464487528089919e+00
6.385667438110291805e+00 9.262894504058118983e+00
6.398630597809599863e+00 9.275131429618470591e+00
6.411648971325624835e+00 9.287173001895014934e+00
6.424729894884507075e+00 9.299018603594490173e+00
6.437880114973944856e+00 9.310669194099160606e+00
6.451105764307205170e+00 9.322127229262862969e+00
6.464412345351925993e+00 9.333396570738463183e+00
6.477804721280135958e+00 9.344482386461150369e+00
6.491287114085698917e+00 9.355391043955799901e+00
6.504863109516850983e+00 9.366129998150380942e+00
6.518535668381772119e+00 9.376707675360913541e+00
6.532307143710922581e+00 9.387133355070801599e+00
6.546179303199196831e+00 9.397417051059862914e+00
6.560153356302390826e+00 9.407569393348182984e+00
6.574229985330216408e+00 9.417601512311627232e+00
6.588409379857825598e+00 9.427524926201305888e+00
6.602691273775246117e+00 9.437351433164426595e+00
6.617074984296943185e+00 9.447093008717390106e+00
6.633462420797477499e+00 9.457619762477987635e+00
6.653179629741345025e+00 9.469503936588925086e+00
6.673034994853973778e+00 9.481227244110176144e+00
6.692969287906922027e+00 9.492773584446785762e+00
6.712977376665055118e+00 9.504152695401835160e+00
6.733054253502496422e+00 9.515374138905874801e+00
6.753195059017996549e+00 9.526447249285428853e+00
6.773395102093517472e+00 9.537381088361051695e+00
6.793649876487661388e+00 9.548184407273385688e+00
6.813955074107117760e+00 9.558865614855674764e+00
6.834306595120416716e+00 9.569432752291135102e+00
6.854700555114452420e+00 9.579893473734575338e+00
6.875133289512799450e+00 9.590255032524677148e+00
6.895601355488230055e+00 9.600524272572007689e+00
6.916101531615669984e+00 9.610707624480083311e+00
6.936630815516149795e+00 9.620811105937256968e+00
6.957186419740068573e+00 9.630840325906422805e+00
6.977765766138041670e+00 9.640800492140366273e+00
6.998366478959612280e+00 9.650696421557123372e+00
7.018986376906994451e+00 9.660532553022205704e+00
7.039623464362874117e+00 9.670312962106059729e+00
7.060275921991984838e+00 9.680041377407293979e+00
7.080942096904951910e+00 9.689721198062274610e+00
7.101620492548870622e+00 9.699355512089303133e+00
7.122309758480336761e+00 9.708947115252016147e+00
7.143008680148761336e+00 9.718498530155674331e+00
7.163716168809719065e+00 9.728012025328009571e+00
7.184431251663228046e+00 9.737489634066198718e+00
7.205153062299693545e+00 9.746933172865853479e+00
7.225880831520136383e+00 9.756344259278566966e+00
7.246613878581500856e+00 9.765724329073098176e+00
7.267351602905449681e+00 9.775074652602759429e+00
7.288093476278872274e+00 9.784396350307073220e+00
7.308839037934151683e+00 9.793690401973639936e+00
7.329587884962575295e+00 9.802957666620882193e+00
7.350339666075467626e+00 9.812198895120953779e+00
7.371094075921750033e+00 9.821414741747641841e+00
7.391850849881359764e+00 9.830605774811020936e+00
7.412455151125304731e+00 9.839708822889354778e+00
7.432385787605248595e+00 9.848514701976036179e+00
7.452238537438022448e+00 9.857289054575371523e+00
7.472092105332865053e+00 9.866066958297411205e+00
7.491946375585888163e+00 9.874848678161498583e+00
7.511801247940137038e+00 9.883634443613821929e+00
7.531656637202746474e+00 9.892424449502804862e+00
7.551512471616917743e+00 9.901218859858134991e+00
7.571368691291351816e+00 9.910017811530437370e+00
7.591225245575033753e+00 9.918821420193859595e+00
7.611082839692564050e+00 9.927628096867197272e+00
7.630940487647449366e+00 9.936440067523264474e+00
7.650798189445415787e+00 9.945257332193179423e+00
7.670655945092264005e+00 9.954079890908095862e+00
7.690513754593499840e+00 9.962907743699043195e+00
7.710371617954774770e+00 9.971740890597121876e+00
7.730229535181943668e+00 9.980579331633522955e+00
7.750087506280282312e+00 9.989423066839187015e+00
7.769945531255495474e+00 9.998272096245250040e+00
7.789803610113069432e+00 1.000712641988275386e+01
7.809661742858414080e+00 1.001598603778271546e+01
7.829519929497264386e+00 1.002485094997629211e+01
7.849378170034689184e+00 1.003372115649435869e+01
7.869236464476400350e+00 1.004259665736807072e+01
7.889094812827591063e+00 1.005147745262836523e+01
7.908953215093792011e+00 1.006036354230632668e+01
7.928811671279989426e+00 1.006925492643281039e+01
7.948670181391801925e+00 1.007815160503895058e+01
7.968528745434405813e+00 1.008705357815568782e+01
7.988387363412878805e+00 1.009596084581392894e+01
8.008246035332726720e+00 1.010487340804476908e+01
8.028104761198761707e+00 1.011379126487900137e+01
8.047963541016430966e+00 1.012271441634770675e+01
8.068021102491202967e+00 1.013172634902252867e+01
8.088411679797278708e+00 1.014087753646645140e+01
8.108807691584274835e+00 1.015002054667077225e+01
8.129203910942113254e+00 1.015915303093040478e+01
8.149600337831190089e+00 1.016827498901148630e+01
8.169996972211471586e+00 1.017738642068002619e+01
8.190393814042618459e+00 1.018648732570195925e+01
8.210790863283527585e+00 1.019557770384294138e+01
8.231188119892838273e+00 1.020465755486858406e+01
8.251585583829079695e+00 1.021372687854450589e+01
8.271983255049846662e+00 1.022278567463598264e+01
8.292381133512643387e+00 1.023183394290830783e+01
8.312779219174416312e+00 1.024087168312659735e+01
8.333177511991376463e+00 1.024989889505571838e+01
8.353576011919965794e+00 1.025891557846069446e+01
8.373974718915862425e+00 1.026792173310628442e+01
8.394373632933810114e+00 1.027691735875691137e+01
8.414772753929167237e+00 1.028590245517732704e+01
8.435172081855933257e+00 1.029487702213176092e+01
8.455571616667942436e+00 1.030384105938444961e+01
8.475971358318959759e+00 1.031279456669965455e+01
8.496371306761639985e+00 1.032173754384124109e+01
8.516771461948840383e+00 1.033066999057322199e+01
8.537171823832666817e+00 1.033959190665936134e+01
8.557572392364612313e+00 1.034850329186323314e+01
8.577973167496210749e+00 1.035740414594850023e+01
8.598374149178097170e+00 1.036629446867850746e+01
8.618775337360707667e+00 1.037517425981659613e+01
8.639176731993975622e+00 1.038404351912596368e+01
8.659578333027548425e+00 1.039290224636975779e+01
8.679980140410059164e+00 1.040175044131077264e+01
8.700380167963404077e+00 1.041058730061459414e+01
8.720437688414119037e+00 1.041927519866181306e+01
8.740243979293669696e+00 1.042786097602067485e+01
8.760050356219860390e+00 1.043645345078860665e+01
8.779856819206854013e+00 1.044505262302962123e+01
8.799663368268305419e+00 1.045365849280752357e+01
8.819470003417702486e+00 1.046227106018607245e+01
8.839276724669304031e+00 1.047089032522935881e+01
8.859083532036207131e+00 1.047951628800099577e+01
8.878890425532395270e+00 1.048814894856498192e+01
8.898697405170830521e+00 1.049678830698490195e+01
8.918504470965197939e+00 1.050543436332465497e+01
8.938311622928795330e+00 1.051408711764799087e+01
8.958118861074755301e+00 1.052274657001859737e+01
8.977926185416242433e+00 1.053141272050019595e+01
8.997733595966369791e+00 1.054008556915649031e+01
9.017541092738090569e+00 1.054876511605113443e+01
9.037348675744322435e+00 1.055745136124777339e+01
9.057156344997780550e+00 1.056614430480998479e+01
9.076964100511471401e+00 1.057484394680147943e+01
9.096771942297866786e+00 1.058355028728575142e+01
9.116579870369784899e+00 1.059226332632645473e+01
9.136387884739672671e+00 1.060098306398709411e+01
9.156195985419772754e+00 1.060970950033110149e+01
9.176004172422706162e+00 1.061844263542208466e+01
9.195812445760839893e+00 1.062718246932355015e+01
9.215620805446159025e+00 1.063592900209885350e+01
9.235429251490934632e+00 1.064468223381148348e+01
9.255237783907277915e+00 1.065344216452487203e+01
9.275046402707273430e+00 1.066220879430245105e+01
9.294855107902456837e+00 1.067098212320742867e+01
9.314663899505191580e+00 1.067976215130337891e+01
9.334472777526885423e+00 1.068854887865347614e+01
9.354281741979420417e+00 1.069734230532110786e+01
9.374090792874296696e+00 1.070614243136951060e+01
9.393899930223151173e+00 1.071494925686199018e+01
9.413709154037482207e+00 1.072376278186179732e+01
9.433518464328479070e+00 1.073258300643207264e+01
9.453327861107796437e+00 1.074140993063615390e+01
9.473137344386433512e+00 1.075024355453711422e+01
9.492946914175501405e+00 1.075908387819808709e+01
9.512756570486340379e+00 1.076793090168231082e+01
9.532566313329818186e+00 1.077678462505283008e+01
9.552376142716907381e+00 1.078564504837274285e+01
9.572186058658513019e+00 1.079451217170513644e+01
9.591996061165341203e+00 1.080338599511301112e+01
9.611806150248233038e+00 1.081226651865944177e+01
9.631616325917775612e+00 1.082115374240740202e+01
