0.000000000000000000e+00 0.000000000000000000e+00
2.004008016032064049e-02 1.817152139442505809e-02
4.008016032064128098e-02 3.637247337709997863e-02
6.012024048096192147e-02 5.460285594802475467e-02
8.016032064128256196e-02 7.286266910719936540e-02
1.002004008016031955e-01 9.115191285462385939e-02
1.202404809619238429e-01 1.094705871902982158e-01
1.402805611222444904e-01 1.278186921142224208e-01
1.603206412825651239e-01 1.461962276263964744e-01
1.803607214428857575e-01 1.646031937268203904e-01
2.004008016032063910e-01 1.830395904154941411e-01
2.204408817635270523e-01 2.015054176924178098e-01
2.404809619238476859e-01 2.200006755575912576e-01
2.605210420841683194e-01 2.385253640110146234e-01
2.805611222444889807e-01 2.570794830526878516e-01
3.006012024048095865e-01 2.756630326826108313e-01
3.206412825651302478e-01 2.942760129007838121e-01
3.406813627254509091e-01 3.129184237072065722e-01
3.607214428857715149e-01 3.315902651018791669e-01
3.807615230460921762e-01 3.502915370848017074e-01
4.008016032064127820e-01 3.690222396559739715e-01
4.208416833667334433e-01 3.877823728153961813e-01
4.408817635270541047e-01 4.065719365630682258e-01
4.609218436873747105e-01 4.253909308989901605e-01
4.809619238476953718e-01 4.442393558231619854e-01
5.010020040080159776e-01 4.631172113355835895e-01
5.210420841683366389e-01 4.820244974362549728e-01
5.410821643286573002e-01 5.009612141251764683e-01
5.611222444889779615e-01 5.199273614023476320e-01
5.811623246492986228e-01 5.389229392677686858e-01
6.012024048096191731e-01 5.579479477214395189e-01
6.212424849699398344e-01 5.770023867633602421e-01
6.412825651302604957e-01 5.960862563935308556e-01
6.613226452905811570e-01 6.151995566119514702e-01
6.813627254509018183e-01 6.343422874186217530e-01
7.014028056112223686e-01 6.535144488135419261e-01
7.214428857715430299e-01 6.727160407967119893e-01
7.414829659318636912e-01 6.919470633681319427e-01
7.615230460921843525e-01 7.112075165278017863e-01
7.815631262525050138e-01 7.304974002757212981e-01
8.016032064128255641e-01 7.498167146118908111e-01
8.216432865731462254e-01 7.691654595363101032e-01
8.416833667334668867e-01 7.885436350489791746e-01
8.617234468937875480e-01 8.079512411498983582e-01
8.817635270541082093e-01 8.273882778390673209e-01
9.018036072144288706e-01 8.468547451164859519e-01
9.218436873747494209e-01 8.663506429821545840e-01
9.418837675350700822e-01 8.858759714360729953e-01
9.619238476953907435e-01 9.054307304782415189e-01
9.819639278557114048e-01 9.250149201086597106e-01
1.002004008016031955e+00 9.446285403273275705e-01
1.022044088176352616e+00 9.642715911342455426e-01
1.042084168336673278e+00 9.839440725294132939e-01
1.062124248496993939e+00 1.003645984512830935e+00
1.082164328657314600e+00 1.023377327084498578e+00
1.102204408817635262e+00 1.043138100244415778e+00
1.122244488977955923e+00 1.062928303992582979e+00
1.142284569138276584e+00 1.082747938328999959e+00
1.162324649298597246e+00 1.102597003253666941e+00
1.182364729458917685e+00 1.122475498766583479e+00
1.202404809619238346e+00 1.142383424867750019e+00
1.222444889779559007e+00 1.162320781557166782e+00
1.242484969939879669e+00 1.182287568834833102e+00
1.262525050100200330e+00 1.202283786700749424e+00
1.282565130260520991e+00 1.222309435154915302e+00
1.302605210420841653e+00 1.242364514197331182e+00
1.322645290581162314e+00 1.262449023827997063e+00
1.342685370741482975e+00 1.282562964046912724e+00
1.362725450901803637e+00 1.302706334854077941e+00
1.382765531062124298e+00 1.322879136249493381e+00
1.402805611222444737e+00 1.343081368233158379e+00
1.422845691382765398e+00 1.363313030805073600e+00
1.442885771543086060e+00 1.383574123965238600e+00
1.462925851703406721e+00 1.403864647713653158e+00
1.482965931863727382e+00 1.424184602050317716e+00
1.503006012024048044e+00 1.444533986975232276e+00
1.523046092184368705e+00 1.464912802488397059e+00
1.543086172344689366e+00 1.485321048589810733e+00
1.563126252505010028e+00 1.505758725279474852e+00
1.583166332665330689e+00 1.526225832557388751e+00
1.603206412825651128e+00 1.546722370423552650e+00
1.623246492985971789e+00 1.567248338877966107e+00
1.643286573146292451e+00 1.587803737920629565e+00
1.663326653306613112e+00 1.608383162822509815e+00
1.683366733466933773e+00 1.628801050614434365e+00
1.703406813627254435e+00 1.648966099181755851e+00
1.723446893787575096e+00 1.668878308524474940e+00
1.743486973947895757e+00 1.688537678642590301e+00
1.763527054108216419e+00 1.707944209536102820e+00
1.783567134268537080e+00 1.727097901205012498e+00
1.803607214428857741e+00 1.745998753649318891e+00
1.823647294589178181e+00 1.764646766869022443e+00
1.843687374749498842e+00 1.783041940864122932e+00
1.863727454909819503e+00 1.801184275634620580e+00
1.883767535070140164e+00 1.819073771180514942e+00
1.903807615230460826e+00 1.836710427501806464e+00
1.923847695390781487e+00 1.854094244598495145e+00
1.943887775551102148e+00 1.871225222470580540e+00
1.963927855711422810e+00 1.888103361118062873e+00
1.983967935871743471e+00 1.904728660540942364e+00
2.004008016032063910e+00 1.921101120739218349e+00
2.024048096192384794e+00 1.937220741712892380e+00
2.044088176352705233e+00 1.953087523461962460e+00
2.064128256513026116e+00 1.968701465986429922e+00
2.084168336673346555e+00 1.984062569286293876e+00
2.104208416833667439e+00 1.999170833361555655e+00
2.124248496993987878e+00 2.014026258212213705e+00
2.144288577154308317e+00 2.028628843838268914e+00
2.164328657314629201e+00 2.042978590239720837e+00
2.184368737474949640e+00 2.057075497416570364e+00
2.204408817635270523e+00 2.070919565368816606e+00
2.224448897795590963e+00 2.084510794096459563e+00
2.244488977955911846e+00 2.097849183599500122e+00
2.264529058116232285e+00 2.110934733877937397e+00
2.284569138276553169e+00 2.123767444931771387e+00
2.304609218436873608e+00 2.136347316761002535e+00
2.324649298597194491e+00 2.148674349365630842e+00
2.344689378757514930e+00 2.160748542745655421e+00
2.364729458917835370e+00 2.172569896901077602e+00
2.384769539078156253e+00 2.184138411831896942e+00
2.404809619238476692e+00 2.195454087538112997e+00
2.424849699398797576e+00 2.206516924019725767e+00
2.444889779559118015e+00 2.217326921276735696e+00
2.464929859719438898e+00 2.227884079309142784e+00
2.484969939879759337e+00 2.238188398116947031e+00
2.505010020040080221e+00 2.248239877700147993e+00
2.525050100200400660e+00 2.258038518058745225e+00
2.545090180360721543e+00 2.267584319192740505e+00
2.565130260521041983e+00 2.276877281102132944e+00
2.585170340681362422e+00 2.285917403786921209e+00
2.605210420841683305e+00 2.294704687247107522e+00
2.625250501002003745e+00 2.303289692265472421e+00
2.645290581162324628e+00 2.311880412470860513e+00
2.665330661322645067e+00 2.320499352489698630e+00
2.685370741482965951e+00 2.329146512321985885e+00
2.705410821643286390e+00 2.337821891967723165e+00
2.725450901803607273e+00 2.346525491426909582e+00
2.745490981963927712e+00 2.355257310699546469e+00
2.765531062124248596e+00 2.364017349785632049e+00
2.785571142284569035e+00 2.372805608685167655e+00
2.805611222444889474e+00 2.381622087398153731e+00
2.825651302605210358e+00 2.390466785924588056e+00
2.845691382765530797e+00 2.399339704264472850e+00
2.865731462925851680e+00 2.408240842417806782e+00
2.885771543086172120e+00 2.417170200384591183e+00
2.905811623246493003e+00 2.426127778164824722e+00
2.925851703406813442e+00 2.435113575758508286e+00
2.945891783567134325e+00 2.444127593165640988e+00
2.965931863727454765e+00 2.453169830386223715e+00
2.985971943887775648e+00 2.462240287420256024e+00
3.006012024048096087e+00 2.471338964267737914e+00
3.026052104208416527e+00 2.480465860928669386e+00
3.046092184368737410e+00 2.489620977403050883e+00
3.066132264529057849e+00 2.498804313690881962e+00
3.086172344689378733e+00 2.508015869792162622e+00
3.106212424849699172e+00 2.517255645706892420e+00
3.126252505010020055e+00 2.526523641435072687e+00
3.146292585170340494e+00 2.535819856976702091e+00
3.166332665330661378e+00 2.545144292331781966e+00
3.186372745490981817e+00 2.554496947500310533e+00
3.206412825651302256e+00 2.563877822482289126e+00
3.226452905811623140e+00 2.573286917277717301e+00
3.246492985971943579e+00 2.582724231886595057e+00
3.266533066132264462e+00 2.592189766308923282e+00
3.286573146292584902e+00 2.601683520544700201e+00
3.306613226452905785e+00 2.611205494593927146e+00
3.326653306613226224e+00 2.620755688456603671e+00
3.346693386773547108e+00 2.630334102132729779e+00
3.366733466933867547e+00 2.639940735622305912e+00
3.386773547094188430e+00 2.649575588925331182e+00
3.406813627254508869e+00 2.659238662041806478e+00
3.426853707414829309e+00 2.668929954971731355e+00
3.446893787575150192e+00 2.678649467715105814e+00
3.466933867735470631e+00 2.688397200271929854e+00
3.486973947895791515e+00 2.698173152642203476e+00
3.507014028056111954e+00 2.708053743878001463e+00
3.527054108216432837e+00 2.718337262703886203e+00
3.547094188376753277e+00 2.729053791807486196e+00
3.567134268537074160e+00 2.740203331188802771e+00
3.587174348697394599e+00 2.751785880847835042e+00
3.607214428857715482e+00 2.763801440784584340e+00
3.627254509018035922e+00 2.776250010999049334e+00
3.647294589178356361e+00 2.789131591491230022e+00
3.667334669338677244e+00 2.802446182261127738e+00
3.687374749498997684e+00 2.816193783308741150e+00
3.707414829659318567e+00 2.830374394634070256e+00
3.727454909819639006e+00 2.844988016237115946e+00
3.747494989979959890e+00 2.860034648117877332e+00
3.767535070140280329e+00 2.875514290276355300e+00
3.787575150300601212e+00 2.891426942712549408e+00
3.807615230460921651e+00 2.907772605426459656e+00
3.827655310621242535e+00 2.924551278418085154e+00
3.847695390781562974e+00 2.941762961687428568e+00
3.867735470941883413e+00 2.959407655234486789e+00
3.887775551102204297e+00 2.977485359059261150e+00
3.907815631262524736e+00 2.995996073161752093e+00
3.927855711422845619e+00 3.014939797541958733e+00
3.947895791583166059e+00 3.034316532199881955e+00
3.967935871743486942e+00 3.054126277135521317e+00
3.987975951903807381e+00 3.074369032348877262e+00
4.008016032064127820e+00 3.095044797839948014e+00
4.028056112224448704e+00 3.116153573608735350e+00
4.048096192384769587e+00 3.137695359655239713e+00
4.068136272545089582e+00 3.159670155979458883e+00
4.088176352705410466e+00 3.182464080970349940e+00
4.108216432865731349e+00 3.208057329281994718e+00
4.128256513026052232e+00 3.236729558668329343e+00
4.148296593186372228e+00 3.268480769129354258e+00
4.168336673346693111e+00 3.303310960665072127e+00
4.188376753507013994e+00 3.341220133275481174e+00
4.208416833667334878e+00 3.382208286960581400e+00
4.228456913827654873e+00 3.426275421720370584e+00
4.248496993987975756e+00 3.473421537554853167e+00
4.268537074148296639e+00 3.523646634464026484e+00
4.288577154308616635e+00 3.576950712447889646e+00
4.308617234468937518e+00 3.633333771506446208e+00
4.328657314629258401e+00 3.692795811639694392e+00
4.348697394789579285e+00 3.754388791093523636e+00
4.368737474949899280e+00 3.815691870547620823e+00
4.388777555110220163e+00 3.876584500530997346e+00
4.408817635270541047e+00 3.937066681043650540e+00
4.428857715430861930e+00 3.997138412085580850e+00
4.448897795591181925e+00 4.056799693656785166e+00
4.468937875751502808e+00 4.116050525757268375e+00
4.488977955911823692e+00 4.174890908387028254e+00
4.509018036072143687e+00 4.233320841546062141e+00
4.529058116232464570e+00 4.291340325234375364e+00
4.549098196392785454e+00 4.348949359451965258e+00
4.569138276553106337e+00 4.406147944198832711e+00
4.589178356713426332e+00 4.462936079474973283e+00
4.609218436873747216e+00 4.519313765280394080e+00
4.629258517034068099e+00 4.575281001615090659e+00
4.649298597194388982e+00 4.630837788479064798e+00
4.669338677354708977e+00 4.685984125872312056e+00
4.689378757515029861e+00 4.740720013794839538e+00
4.709418837675350744e+00 4.795045452246641915e+00
4.729458917835670739e+00 4.848960441227720963e+00
4.749498997995991623e+00 4.902464980738077571e+00
4.769539078156312506e+00 4.955644692740227342e+00
4.789579158316633389e+00 5.009037741470210747e+00
4.809619238476953385e+00 5.062738020145814311e+00
4.829659318637274268e+00 5.116745528767045137e+00
4.849699398797595151e+00 5.171060267333897897e+00
4.869739478957916035e+00 5.225682235846373480e+00
4.889779559118236030e+00 5.280611434304471885e+00
4.909819639278556913e+00 5.335847862708194000e+00
4.929859719438877796e+00 5.391391521057539826e+00
4.949899799599197792e+00 5.447242409352506698e+00
4.969939879759518675e+00 5.503400527593099056e+00
4.989979959919839558e+00 5.559865875779314237e+00
5.010020040080160442e+00 5.616638453911153128e+00
5.030060120240480437e+00 5.673718261988611289e+00
5.050100200400801320e+00 5.731105300011696713e+00
5.070140280561122204e+00 5.788799567980406735e+00
5.090180360721443087e+00 5.846801065894736027e+00
5.110220440881763082e+00 5.905109793754688141e+00
5.130260521042083965e+00 5.963725751560265742e+00
5.150300601202404849e+00 6.022648939311467942e+00
5.170340681362724844e+00 6.081879357008288522e+00
5.190380761523045727e+00 6.141417004650737255e+00
5.210420841683366611e+00 6.201261882238807033e+00
5.230460921843687494e+00 6.261413989772500521e+00
5.250501002004007489e+00 6.321873327251815056e+00
5.270541082164328373e+00 6.382639894676755077e+00
5.290581162324649256e+00 6.443713692047317920e+00
5.310621242484970139e+00 6.505094719363504474e+00
5.330661322645290134e+00 6.566782976625312074e+00
5.350701402805611018e+00 6.628778463832744272e+00
5.370741482965931901e+00 6.691081180985800181e+00
5.390781563126251896e+00 6.753475302102460276e+00
5.410821643286572780e+00 6.815459088627669360e+00
5.430861723446893663e+00 6.877012127679154041e+00
5.450901803607214546e+00 6.938134419256912544e+00
5.470941883767534542e+00 6.998825963360945757e+00
5.490981963927855425e+00 7.059086759991254567e+00
5.511022044088176308e+00 7.118916809147838975e+00
5.531062124248497192e+00 7.178316110830700758e+00
5.551102204408817187e+00 7.237284665039831921e+00
5.571142284569138070e+00 7.295822471775242235e+00
5.591182364729458953e+00 7.353929531036928147e+00
5.611222444889778949e+00 7.411605842824885215e+00
5.631262525050099832e+00 7.468851407139121434e+00
5.651302605210420715e+00 7.525666223979632363e+00
5.671342685370741599e+00 7.582050293346417114e+00
5.691382765531061594e+00 7.638003615239476574e+00
5.711422845691382477e+00 7.693096096832416464e+00
5.731462925851703361e+00 7.745868780602912729e+00
5.751503006012024244e+00 7.796201637029948728e+00
5.771543086172344239e+00 7.844094666113521797e+00
5.791583166332665122e+00 7.889547867853632823e+00
5.811623246492986006e+00 7.932561242250283584e+00
5.831663326653306001e+00 7.973309158011758768e+00
5.851703406813626884e+00 8.012155788437571147e+00
5.871743486973947768e+00 8.049112540946850913e+00
5.891783567134268651e+00 8.084179415539592739e+00
5.911823647294588646e+00 8.117356412215794847e+00
5.931863727454909530e+00 8.148643530975467897e+00
5.951903807615230413e+00 8.178040771818601229e+00
5.971943887775551296e+00 8.205548134745200173e+00
5.991983967935871291e+00 8.231165619755259399e+00
6.012024048096192175e+00 8.254893226848787791e+00
6.032064128256513058e+00 8.276730956025778241e+00
6.052104208416833053e+00 8.296678807286232527e+00
6.072144288577153937e+00 8.314736780630152424e+00
6.092184368737474820e+00 8.330904876057534381e+00
6.112224448897795703e+00 8.345183093568381949e+00
6.132264529058115698e+00 8.357571433162693353e+00
6.152304609218436582e+00 8.368069894840466816e+00
6.172344689378757465e+00 8.376678478601707667e+00
6.192384769539078349e+00 8.383397184446410577e+00
6.212424849699398344e+00 8.388239737628568449e+00
6.232464929859719227e+00 8.392430263307623761e+00
6.252505010020040110e+00 8.396761834191689644e+00
6.272545090180360106e+00 8.401234450280766097e+00
6.292585170340680989e+00 8.405848111574853121e+00
6.312625250501001872e+00 8.410602818073950715e+00
6.332665330661322756e+00 8.415498569778062432e+00
6.352705410821642751e+00 8.420535366687181167e+00
6.372745490981963634e+00 8.425713208801314025e+00
6.392785571142284518e+00 8.431032096120455677e+00
6.412825651302604513e+00 8.436492028644607899e+00
6.432865731462925396e+00 8.442093006373770692e+00
6.452905811623246279e+00 8.447835029307947607e+00
6.472945891783567163e+00 8.453718097447133317e+00
6.492985971943887158e+00 8.459742210791329597e+00
6.513026052104208041e+00 8.465907369340538224e+00
6.533066132264528925e+00 8.472213573094753869e+00
6.553106212424849808e+00 8.478660822053985413e+00
6.573146292585169803e+00 8.485249116218225751e+00
6.593186372745490686e+00 8.491978455587474883e+00
6.613226452905811570e+00 8.498848840161738138e+00
6.633266533066131565e+00 8.505860269941010188e+00
6.653306613226452448e+00 8.513012744925296360e+00
6.673346693386773332e+00 8.520306265114591326e+00
6.693386773547094215e+00 8.527740830508898640e+00
6.713426853707414210e+00 8.535316441108214747e+00
6.733466933867735094e+00 8.543033096912541424e+00
6.753507014028055977e+00 8.550890797921880448e+00
6.773547094188376860e+00 8.558889544136231819e+00
6.793587174348696855e+00 8.567029335555591985e+00
6.813627254509017739e+00 8.575310172179962720e+00
6.833667334669338622e+00 8.583732054009345802e+00
6.853707414829658617e+00 8.592294981043739455e+00
6.873747494989979501e+00 8.600998953283143678e+00
6.893787575150300384e+00 8.609843970727558471e+00
6.913827655310621267e+00 8.618830033376985611e+00
6.933867735470941263e+00 8.627957141231421545e+00
6.953907815631262146e+00 8.637225294290869826e+00
6.973947895791583029e+00 8.646634492555328677e+00
6.993987975951903913e+00 8.656184736024798099e+00
7.014028056112223908e+00 8.665816632578348333e+00
7.034068136272544791e+00 8.675429122570829321e+00
7.054108216432865675e+00 8.685020523534985770e+00
7.074148296593185670e+00 8.694590835470823009e+00
7.094188376753506553e+00 8.704140058378341038e+00
7.114228456913827436e+00 8.713668192257532752e+00
7.134268537074148320e+00 8.723175237108405256e+00
7.154308617234468315e+00 8.732661192930951444e+00
7.174348697394789198e+00 8.742126059725178422e+00
7.194388777555110082e+00 8.751569837491084414e+00
7.214428857715430965e+00 8.760992526228665866e+00
7.234468937875750960e+00 8.770394125937926333e+00
7.254509018036071843e+00 8.779774636618865813e+00
7.274549098196392727e+00 8.789134058271480754e+00
7.294589178356712722e+00 8.798472390895774708e+00
7.314629258517033605e+00 8.807789634491747677e+00
7.334669338677354489e+00 8.817085789059396106e+00
7.354709418837675372e+00 8.826360854598723549e+00
7.374749498997995367e+00 8.835614831109728229e+00
7.394789579158316251e+00 8.844847718592411923e+00
7.414829659318637134e+00 8.854059517046771077e+00
7.434869739478958017e+00 8.863250226472811022e+00
7.454909819639278012e+00 8.872419846870526428e+00
7.474949899799598896e+00 8.881568378239922623e+00
7.494989979959919779e+00 8.890695820580994280e+00
7.515030060120239774e+00 8.899802173893743173e+00
7.535070140280560658e+00 8.908887438178171081e+00
7.555110220440881541e+00 8.917951613434276226e+00
7.575150300601202424e+00 8.926994699662060384e+00
7.595190380761522420e+00 8.936016696861523556e+00
7.615230460921843303e+00 8.945017605032662189e+00
7.635270541082164186e+00 8.953997424175478059e+00
7.655310621242485070e+00 8.962956154289972943e+00
7.675350701402805065e+00 8.971893795376146841e+00
7.695390781563125948e+00 8.980810347433997975e+00
7.715430861723446831e+00 8.989705810463526348e+00
7.735470941883766827e+00 8.998580184464731957e+00
7.755511022044087710e+00 9.007433469437616580e+00
7.775551102204408593e+00 9.016270159146156260e+00
7.795591182364729477e+00 9.025109875641433632e+00
7.815631262525049472e+00 9.033954910666762927e+00
7.835671342685370355e+00 9.042805264222149475e+00
7.855711422845691239e+00 9.051660936307586169e+00
7.875751503006012122e+00 9.060521926923076563e+00
7.895791583166332117e+00 9.069388236068618880e+00
7.915831663326653000e+00 9.078259863744216673e+00
7.935871743486973884e+00 9.087136809949866390e+00
7.955911823647293879e+00 9.096019074685568029e+00
7.975951903807614762e+00 9.104906657951323368e+00
7.995991983967935646e+00 9.113799559747132406e+00
8.016032064128255641e+00 9.122697780072995144e+00
8.036072144288576524e+00 9.131601318928909805e+00
8.056112224448897408e+00 9.140510176314878166e+00
8.076152304609218291e+00 9.149424352230902002e+00
8.096192384769539174e+00 9.158343846676975986e+00
8.116232464929860058e+00 9.167268659653103668e+00
8.136272545090179165e+00 9.176198791159283275e+00
8.156312625250500048e+00 9.185134241195516580e+00
8.176352705410820931e+00 9.194075009761805362e+00
8.196392785571141815e+00 9.203021096858144290e+00
8.216432865731462698e+00 9.211972502484538694e+00
8.236472945891783581e+00 9.220929226640985021e+00
8.256513026052104465e+00 9.229891269327485048e+00
8.276553106212425348e+00 9.238858630544035222e+00
8.296593186372744455e+00 9.247831310290640872e+00
8.316633266533065338e+00 9.256809308567300221e+00
8.336673346693386222e+00 9.265792625374011493e+00
8.356713426853707105e+00 9.274781260710778241e+00
8.376753507014027988e+00 9.283775214577595136e+00
8.396793587174348872e+00 9.292774486974467507e+00
8.416833667334669755e+00 9.301779077901391801e+00
8.436873747494988862e+00 9.310783155936849909e+00
8.456913827655309746e+00 9.319776953697191502e+00
8.476953907815630629e+00 9.328760317830646187e+00
8.496993987975951512e+00 9.337733248337213965e+00
8.517034068136272396e+00 9.346695745216894835e+00
8.537074148296593279e+00 9.355647808469688798e+00
8.557114228456914162e+00 9.364589438095592300e+00
8.577154308617233269e+00 9.373520634094607118e+00
8.597194388777554153e+00 9.382441396466738581e+00
8.617234468937875036e+00 9.391351725211981361e+00
8.637274549098195919e+00 9.400251620330337232e+00
8.657314629258516803e+00 9.409141081821804420e+00
8.677354709418837686e+00 9.418020109686381147e+00
8.697394789579158569e+00 9.426888703924074520e+00
8.717434869739479453e+00 9.435746864534880984e+00
8.737474949899798560e+00 9.444594591518795212e+00
8.757515030060119443e+00 9.453431884875827862e+00
8.777555110220440326e+00 9.462258744605970051e+00
8.797595190380761210e+00 9.471075170709223556e+00
8.817635270541082093e+00 9.479881163185591930e+00
8.837675350701402976e+00 9.488676722035069844e+00
8.857715430861723860e+00 9.497461847257662626e+00
8.877755511022042967e+00 9.506236538853366724e+00
8.897795591182363850e+00 9.515000796822182139e+00
8.917835671342684734e+00 9.523754621164112422e+00
8.937875751503005617e+00 9.532498011879154021e+00
8.957915831663326500e+00 9.541230968967308712e+00
8.977955911823647384e+00 9.549953492428576496e+00
8.997995991983968267e+00 9.558665582262957372e+00
9.018036072144287374e+00 9.567367238470446011e+00
9.038076152304608257e+00 9.576058461051051296e+00
9.058116232464929141e+00 9.584739307243562934e+00
9.078156312625250024e+00 9.593419650825209644e+00
9.098196392785570907e+00 9.602106733115848058e+00
9.118236472945891791e+00 9.610800554115479954e+00
9.138276553106212674e+00 9.619501113824100003e+00
9.158316633266533557e+00 9.628208412241708203e+00
9.178356713426852664e+00 9.636922449368311661e+00
9.198396793587173548e+00 9.645643225203903270e+00
9.218436873747494431e+00 9.654370739748488361e+00
9.238476953907815314e+00 9.663104993002059828e+00
9.258517034068136198e+00 9.671845984964624776e+00
9.278557114228457081e+00 9.680593715636181429e+00
9.298597194388777964e+00 9.689348185016728010e+00
9.318637274549097071e+00 9.698109393106264520e+00
9.338677354709417955e+00 9.706877339904792734e+00
9.358717434869738838e+00 9.715652025412310877e+00
9.378757515030059722e+00 9.724433449628818948e+00
9.398797595190380605e+00 9.733221612554316948e+00
9.418837675350701488e+00 9.742016514188808429e+00
9.438877755511022372e+00 9.750818154532289839e+00
9.458917835671341479e+00 9.759626533584762953e+00
9.478957915831662362e+00 9.768441651346225996e+00
9.498997995991983245e+00 9.777263507816677190e+00
9.519038076152304129e+00 9.786092102996121866e+00
9.539078156312625012e+00 9.794927436884558247e+00
9.559118236472945895e+00 9.803769509481982780e+00
9.579158316633266779e+00 9.812618320788399018e+00
9.599198396793587662e+00 9.821473870803806960e+00
9.619238476953906769e+00 9.830336159528204831e+00
9.639278557114227652e+00 9.839205186961590854e+00
9.659318637274548536e+00 9.848080953103972135e+00
9.679358717434869419e+00 9.856963457955341568e+00
9.699398797595190302e+00 9.865852701515702705e+00
9.719438877755511186e+00 9.874748683785053771e+00
9.739478957915832069e+00 9.883651404763396542e+00
9.759519038076151176e+00 9.892560864450729241e+00
9.779559118236472059e+00 9.901477062847051869e+00
9.799599198396792943e+00 9.910399999952367978e+00
9.819639278557113826e+00 9.919329675766672239e+00
9.839679358717434710e+00 9.928266090289966428e+00
9.859719438877755593e+00 9.937209243522254098e+00
9.879759519038076476e+00 9.946159135463531697e+00
9.899799599198395583e+00 9.955115766113799225e+00
9.919839679358716467e+00 9.964079135473058457e+00
9.939879759519037350e+00 9.973049243541307618e+00
9.959919839679358233e+00 9.982026090318548484e+00
9.979959919839679117e+00 9.991009675804779278e+00
1.000000000000000000e+01 1.000000000000000000e+01
