0.000000000000000000e+00 0.000000000000000000e+00
2.951591355159310925e-01 8.750901321038883074e-01
3.145090093052517188e-01 8.935123726029976510e-01
3.338597137060763109e-01 9.119631657352441634e-01
3.532112486232014126e-01 9.304425142109733482e-01
3.725636139538005542e-01 9.489504207347733145e-01
3.919168095874782098e-01 9.674868880054632303e-01
4.112708354063154825e-01 9.860519187160849963e-01
4.306256912849228957e-01 1.004645515553891366e+00
4.499813770904901311e-01 1.023267681200336510e+00
4.693378926828360442e-01 1.041918418331066354e+00
4.886952379144555159e-01 1.060597729615909923e+00
5.080527079995522666e-01 1.079303354806826931e+00
5.274108429480661719e-01 1.098037017170203633e+00
5.467696104159944781e-01 1.116798610929602642e+00
5.661289722389808432e-01 1.135588010278013371e+00
5.854888835148424064e-01 1.154405066122959456e+00
6.048492915673466808e-01 1.173249602391596369e+00
6.242101347807955669e-01 1.192121411853562574e+00
6.435713412951302725e-01 1.211020251418527316e+00
6.629328275513813873e-01 1.229945836865380837e+00
6.822944966779228571e-01 1.248897836960867203e+00
7.016562367088643448e-01 1.267875866927456574e+00
7.210179186270909701e-01 1.286879481223678567e+00
7.403793942263419137e-01 1.305908165605137672e+00
7.597404937888907472e-01 1.324961328441600639e+00
7.791010235785524873e-01 1.344038291275116315e+00
7.984607612148910682e-01 1.363138272126315886e+00
8.178194475636413330e-01 1.382260356820158798e+00
8.371767951158062271e-01 1.401403525380320092e+00
8.565324801269753596e-01 1.420566624018469337e+00
8.758861383494700448e-01 1.439748348827011082e+00
8.952373612817638993e-01 1.458947230961505692e+00
9.145856922794278754e-01 1.478161621109876256e+00
9.339306225572359121e-01 1.497389673337162552e+00
9.532715871185750700e-01 1.516629328419014211e+00
9.726079606553368340e-01 1.535878296803375953e+00
9.919390534683025784e-01 1.555134041367798758e+00
1.011264107465720041e+00 1.574393760168870227e+00
1.030582292304822900e+00 1.593654369410376415e+00
1.049892701748453838e+00 1.612912486887151164e+00
1.069194350315990860e+00 1.632164416191772993e+00
1.088486170314039603e+00 1.651406132000749150e+00
1.107767009338706199e+00 1.670633266784617765e+00
1.127035628346004792e+00 1.689841099312226591e+00
1.146290700391191297e+00 1.709024545342260337e+00
1.165530809644361510e+00 1.728178149158231758e+00
1.184754451690687826e+00 1.747296079541488911e+00
1.203960035123886163e+00 1.766372130303920596e+00
1.223145883896353148e+00 1.785399723557825391e+00
1.242310240823117695e+00 1.804371917200231490e+00
1.261451272324862538e+00 1.823281417001488602e+00
1.280567074484969980e+00 1.842120593660915961e+00
1.299655680483364995e+00 1.860881505155458360e+00
1.318715069455215438e+00 1.879555924660535782e+00
1.337743176805156420e+00 1.898135374265527364e+00
1.356737905988254278e+00 1.916611164639609566e+00
1.375697141747438623e+00 1.934974440727334599e+00
1.394618764773219999e+00 1.953216233468229035e+00
1.413500667726841575e+00 1.971327517441294752e+00
1.432340772541303542e+00 1.989299274235285520e+00
1.451137048887897851e+00 2.007122561239939262e+00
1.469887533668412072e+00 2.024788585444069700e+00
1.488590351365931541e+00 2.042288781715287271e+00
1.507243735061358780e+00 2.059614894925128503e+00
1.525846047897355451e+00 2.076759065175311392e+00
1.544395804749337797e+00 2.093713915277376714e+00
1.562891693842563212e+00 2.110472639542442685e+00
1.581332598037963777e+00 2.127029092851932646e+00
1.599717615496300871e+00 2.143377878906933987e+00
1.618046079421781691e+00 2.159514436495299616e+00
1.636317576582245303e+00 2.175435122574111091e+00
1.654531964304890135e+00 2.191137290942197779e+00
1.672689385652858851e+00 2.206619365275136246e+00
1.690790282500718611e+00 2.221880905314189025e+00
1.708835406244769040e+00 2.236922665042137215e+00
1.726825825907505330e+00 2.251746641743074040e+00
1.744762933424599538e+00 2.266356114929622301e+00
1.762648445936096264e+00 2.280755674229317798e+00
1.780484404942395127e+00 2.294951235450284344e+00
1.798273172226493077e+00 2.308950044193858187e+00
1.816017422490372457e+00 2.322760666545122810e+00
1.833720132699788952e+00 2.336392966549907690e+00
1.851481884367764730e+00 2.349827976674403907e+00
1.872524756830662440e+00 2.362069906013237741e+00
1.895122335892622800e+00 2.373458343872078657e+00
1.917633289045901135e+00 2.384423280342392371e+00
1.940057703048119198e+00 2.394981189434624902e+00
1.962396218872160647e+00 2.405149389540719440e+00
1.984650039261299792e+00 2.414945922652926846e+00
2.006820930644372947e+00 2.424389425089515715e+00
2.028911219260404852e+00 2.433498991247998511e+00
2.050923781427229198e+00 2.442294032021859351e+00
2.072862027976360100e+00 2.450794129604352278e+00
2.094729882965859158e+00 2.459018890460556328e+00
2.116531757453950391e+00 2.466987800005155052e+00
2.138272517629546066e+00 2.474720077647552863e+00
2.159957447708067857e+00 2.482234534306878793e+00
2.181592208781124587e+00 2.489549436335554145e+00
2.203182793816269580e+00 2.496682376439844919e+00
2.224735479408282757e+00 2.503650153153262004e+00
2.246256774958824920e+00 2.510468660330384516e+00
2.267753370059978124e+00 2.517152788093488969e+00
2.289232081045086353e+00 2.523716336835387430e+00
2.310699798239619351e+00 2.530171946909745451e+00
2.332163438394209809e+00 2.536531053050038675e+00
2.353630836800700621e+00 2.542806014754080746e+00
2.375107988507591195e+00 2.549003738528214491e+00
2.396601562632052040e+00 2.555131758334028724e+00
2.418118045647594805e+00 2.561196277857305414e+00
2.439663697950272159e+00 2.567202178642990607e+00
2.461244514346501600e+00 2.573153041143074748e+00
2.482866188916016181e+00 2.579051177959370111e+00
2.504534084635815727e+00 2.584897678426090639e+00
2.526253208081959745e+00 2.590692463559415071e+00
2.548028189454337067e+00 2.596434350304986260e+00
2.569863268097847708e+00 2.602121123939556746e+00
2.591762283621982021e+00 2.607749617430053402e+00
2.613728672652265494e+00 2.613315796520911061e+00
2.635765471180571584e+00 2.618814849308500836e+00
2.657875322418679964e+00 2.624241279068034061e+00
2.680060490001803686e+00 2.629588999121299064e+00
2.702322876334685375e+00 2.634851428572138499e+00
2.724664045824672698e+00 2.640021587787271695e+00
2.747085252701693570e+00 2.645092192561934841e+00
2.768066622284386380e+00 2.647746017850588274e+00
2.786008249404989812e+00 2.645747882651520388e+00
2.803899020539067699e+00 2.643733085953142936e+00
2.821751284911511171e+00 2.641714765185069869e+00
2.839577183022220286e+00 2.639704407228212091e+00
2.857388563763595180e+00 2.637711833802740991e+00
2.874486867379173916e+00 2.636328319202429160e+00
2.888769206556617064e+00 2.637388800872552341e+00
2.902926214071418265e+00 2.638931267459789787e+00
2.917277119463744128e+00 2.640725076172147023e+00
2.931824219552623401e+00 2.642775138172858362e+00
2.946568929464029818e+00 2.645085212721630885e+00
2.961511820235887882e+00 2.647657943525355773e+00
2.976652661560358126e+00 2.650494902721282298e+00
2.991990468879058174e+00 2.653596641553043867e+00
3.007523554038383118e+00 2.656962746765485495e+00
3.023249578714341634e+00 2.660591901729494335e+00
3.039165609832950032e+00 2.664481951308667718e+00
3.055268176736566588e+00 2.668629970179229094e+00
3.071553328177242470e+00 2.673032332011536560e+00
3.088016689332843789e+00 2.677684779786137614e+00
3.104653515564164135e+00 2.682582492712710653e+00
3.121458751362646389e+00 2.687720161404649311e+00
3.138427082156694858e+00 2.693092054290630699e+00
3.155552985354773465e+00 2.698692083992661139e+00
3.172830778845626476e+00 2.704513871173457762e+00
3.190254666635765624e+00 2.710550805350713688e+00
3.207818781393920293e+00 2.716796102293466131e+00
3.225517223734688521e+00 2.723242857696127395e+00
3.243344098132334707e+00 2.729884096903802515e+00
3.261293545410671069e+00 2.736712820536458590e+00
3.279359771805294255e+00 2.743722045928724373e+00
3.297537074639699917e+00 2.750904844365686941e+00
3.315819864935043881e+00 2.758254374492425498e+00
3.334202688907396350e+00 2.765763914617937136e+00
3.352680243098832946e+00 2.773426886363778987e+00
3.371247388043509208e+00 2.781236876541988590e+00
3.389899160167779701e+00 2.789187656796010994e+00
3.408630781603081417e+00 2.797273200498962442e+00
3.427437663421275094e+00 2.805487690363102526e+00
3.446315410783192146e+00 2.813825528913093788e+00
3.465259825847284869e+00 2.822281345832852839e+00
3.484266909218375563e+00 2.830850003268191806e+00
3.503332860295466755e+00 2.839526599573526600e+00
3.522454076863739569e+00 2.848306471980799337e+00
3.541627154384734855e+00 2.857185198838751550e+00
3.560848779523722918e+00 2.866158446185524067e+00
3.580115866040309847e+00 2.875222169645962556e+00
3.599425526132906672e+00 2.884372575905844283e+00
3.618775044452359868e+00 2.893606087545255612e+00
3.637562345667481711e+00 2.903397754874503356e+00
3.654065301621601591e+00 2.915152273098374991e+00
3.670404376295219873e+00 2.927436527412191847e+00
3.686814340309982896e+00 2.940094194001384942e+00
3.703294085761102750e+00 2.953126900843329405e+00
3.719842553901508975e+00 2.966536342194779241e+00
3.736458726236676409e+00 2.980324276676794781e+00
3.753141616830198757e+00 2.994492525645181313e+00
3.769890265717857680e+00 3.009042971977702763e+00
3.786703733316943765e+00 3.023977559379115831e+00
3.803581095711304982e+00 3.039298292275525171e+00
3.820521440690498594e+00 3.055007236341007015e+00
3.837523864422466957e+00 3.071106519672518242e+00
3.854587468642762804e+00 3.087598334603794736e+00
3.871711358249900314e+00 3.104484940125030956e+00
3.888894639203552828e+00 3.121768664853461939e+00
3.906119529268938795e+00 3.139405668712761166e+00
3.923239767846194326e+00 3.156978706177439697e+00
3.940452395911944627e+00 3.175020395902904635e+00
3.957757143349831530e+00 3.193545185563911648e+00
3.975153353592423944e+00 3.212567774624105255e+00
3.992639998613222829e+00 3.232103107251703911e+00
4.010215694397071928e+00 3.252166370107122173e+00
4.027878716658306324e+00 3.272772995319985334e+00
4.045627016584259827e+00 3.293938668986828411e+00
4.063458236392484046e+00 3.315679345547863921e+00
4.081369724500359730e+00 3.338011268444405655e+00
4.099358550117210953e+00 3.360950997519893235e+00
4.117268334082416992e+00 3.383816604225876379e+00
4.133276584613940763e+00 3.407729667310076760e+00
4.140477759181305117e+00 3.435827722030648346e+00
4.148140848664954916e+00 3.466263690107524997e+00
4.157390110076764955e+00 3.499057953504003837e+00
4.167993695190104653e+00 3.533485004007473673e+00
4.179819408450113016e+00 3.570488975227928741e+00
4.192687863287390293e+00 3.610295277990900775e+00
4.206430088527216782e+00 3.653134324973165814e+00
4.220884061697427470e+00 3.699241356527641855e+00
4.235892234842190796e+00 3.748856776575069993e+00
4.251299566652591899e+00 3.802227352799290028e+00
4.266951688075013571e+00 3.859608574290044558e+00
4.282692897985003633e+00 3.921268465607599119e+00
4.299356089075745402e+00 3.986979934318429120e+00
4.319491329501413013e+00 4.049435276082506974e+00
4.339761355376245078e+00 4.111552765850971625e+00
4.360025350248244003e+00 4.173340712225209082e+00
4.380283539384834057e+00 4.234801434016589816e+00
4.400536229916521158e+00 4.295937023496283480e+00
4.420783817343282962e+00 4.356749306785672182e+00
4.441026790229001264e+00 4.417239810512021414e+00
4.461265734121038662e+00 4.477409729807198424e+00
4.481501334630501709e+00 4.537259897982731438e+00
4.501734379587971624e+00 4.596790758354997841e+00
4.521965760198797035e+00 4.656002338692896814e+00
4.542196471133222779e+00 4.714894228750742933e+00
4.562427609110163651e+00 4.773465563447289561e+00
4.582660369702685976e+00 4.831715013597936981e+00
4.602896045882629572e+00 4.889640765198556061e+00
4.623136022719576133e+00 4.947240517654745595e+00
4.643381771159289073e+00 5.004511485943223370e+00
4.663634841287371380e+00 5.061450404687166227e+00
4.683896854820436495e+00 5.118053535820106248e+00
4.704169125065989832e+00 5.174318909708168768e+00
4.724307590582165872e+00 5.230301564515091428e+00
4.743525301910443304e+00 5.286405779406863736e+00
4.762568699982485221e+00 5.342842670147133433e+00
4.781598808069354334e+00 5.399632846195676628e+00
4.800616471421875531e+00 5.456770304326081344e+00
4.819622621700226262e+00 5.514248823933071364e+00
4.838618268511962306e+00 5.572062020382559488e+00
4.857604489686034199e+00 5.630203402012418756e+00
4.876582420349098612e+00 5.688666430262839135e+00
4.895553240887032587e+00 5.747444582371765698e+00
4.914518163889496805e+00 5.806531416035806359e+00
4.933478420189474356e+00 5.865920635410645900e+00
4.952435244121779157e+00 5.925606157807782992e+00
4.971389858135003337e+00 5.985582180435950583e+00
4.990343456899866581e+00 6.045843246536109383e+00
5.009297191063593502e+00 6.106384310267576332e+00
5.028252150804478404e+00 6.167200799719400273e+00
5.047209349211414953e+00 6.228288678122244626e+00
5.066169706015566376e+00 6.289644500769790980e+00
5.085134031526691523e+00 6.351265468719113017e+00
5.104103010956728248e+00 6.413149478609378562e+00
5.123077189321865177e+00 6.475295167927501261e+00
5.142056957069851997e+00 6.537701955303114154e+00
5.161042536573447137e+00 6.600370075458041441e+00
5.180033969625145396e+00 6.663300608477542575e+00
5.199031106061415386e+00 6.726495503111577179e+00
5.218033593638091716e+00 6.789957593853190865e+00
5.237040869271639032e+00 6.853690611577663461e+00
5.256052151754146529e+00 6.917699187559692930e+00
5.275066436043232443e+00 6.981988850716969175e+00
5.294082489221421994e+00 7.046566017956800820e+00
5.313458051745201693e+00 7.111299961777129752e+00
5.333680059253950390e+00 7.175802509429539455e+00
5.353954086640072774e+00 7.239890077723439177e+00
5.374244421798525018e+00 7.303565045947530976e+00
5.394549362592884201e+00 7.366837921442326298e+00
5.414867165020810447e+00 7.429719925162179273e+00
5.435261032657974667e+00 7.491903090894957984e+00
5.456120214357925491e+00 7.551442262278909467e+00
5.476778008625185379e+00 7.611620330462288919e+00
5.497244647978602572e+00 7.672424241052470784e+00
5.517529663344805435e+00 7.733844902436623592e+00
5.537641942974579123e+00 7.795877135761421606e+00
5.557589779486645121e+00 7.858519693675948048e+00
5.577668408474013795e+00 7.920234768421611449e+00
5.598028552765143218e+00 7.980187739430506078e+00
5.618387228019299684e+00 8.039885268027887832e+00
5.639754878899059243e+00 8.099090821045141553e+00
5.664862765251164944e+00 8.156795411884488090e+00
5.690871051624127652e+00 8.212328366751705744e+00
5.717588044117388080e+00 8.265635783641052114e+00
5.745121794753409006e+00 8.316706608685871416e+00
5.773599396640185510e+00 8.365519962669003107e+00
5.802424007958856933e+00 8.412167042839032050e+00
5.830634868964274631e+00 8.456960376296764892e+00
5.859693219791197727e+00 8.500000964768926082e+00
5.889766709815006607e+00 8.541249846553956360e+00
5.920990004429292242e+00 8.580649499585508266e+00
5.953514776328655778e+00 8.618123143083042947e+00
5.987510694691605906e+00 8.653569809752521991e+00
6.023165749806837610e+00 8.686858233761585169e+00
6.060685408879360025e+00 8.717819380012901576e+00
6.100289854272740619e+00 8.746237521850092733e+00
6.142208235602311994e+00 8.771839968832722434e+00
6.186668486828557079e+00 8.794285931482464846e+00
6.233880884669459554e+00 8.813155691118259583e+00
6.284013319095504535e+00 8.827942333389778184e+00
6.337156535742614949e+00 8.838049867008230365e+00
6.393278918857814297e+00 8.842803435333584261e+00
6.452173382742692809e+00 8.841478966076403267e+00
6.513404077688534244e+00 8.833359653288930247e+00
6.576267404325108146e+00 8.817823144557655368e+00
6.639524633216381311e+00 8.794744395303258244e+00
6.679406164204495511e+00 8.792193172362733122e+00
6.704232509069677270e+00 8.806314355943804628e+00
6.729008553266697668e+00 8.820699027479548704e+00
6.753715599922771595e+00 8.835330269861497499e+00
6.778335111264068402e+00 8.850190387629192301e+00
6.802848856494202678e+00 8.865261036533373940e+00
6.827239055826198388e+00 8.880523360369572572e+00
6.851488518929062188e+00 8.895958133397524392e+00
6.875580775903173958e+00 8.911545906326081123e+00
6.899500197508762867e+00 8.927267152251735283e+00
6.923232109545145008e+00 8.943102416914465280e+00
6.946762893794467431e+00 8.959032465225408970e+00
6.970080075714786716e+00 8.975038423331719528e+00
6.993172398932610889e+00 8.991101915332469829e+00
7.016029890580936623e+00 9.007205198018807479e+00
7.038643907043927506e+00 9.023331281643336865e+00
7.061007166126110235e+00 9.039464041689775797e+00
7.083113764840729409e+00 9.055588319595610614e+00
7.104959182911956717e+00 9.071690011275446608e+00
7.126540272359670247e+00 9.087756142548894189e+00
7.147855233646781770e+00 9.103774930708635083e+00
7.168903678911959787e+00 9.119735949190214797e+00
7.189686413474313476e+00 9.135629964964836702e+00
7.210205425307913529e+00 9.151449010132145290e+00
7.230463847934186283e+00 9.167186422687301217e+00
7.250465885446392811e+00 9.182836839691702835e+00
7.270216731032974167e+00 9.198396177986790434e+00
7.289722480217234235e+00 9.213861603122236232e+00
7.308990040148346523e+00 9.229231487435111347e+00
7.328027036261544502e+00 9.244505358333919176e+00
7.346841717587948573e+00 9.259683837933575745e+00
7.365442861935385999e+00 9.274768575256993941e+00
7.383839682087446121e+00 9.289762172261719186e+00
7.402041734079287671e+00 9.304668104968977005e+00
7.420058828506241433e+00 9.319490640969364748e+00
7.437900945711422906e+00 9.334234754553271785e+00
7.455578155580472988e+00 9.348906040669358930e+00
7.473100542553605230e+00 9.363510628849223139e+00
7.490478136339478787e+00 9.378055098160682945e+00
7.509466863743967657e+00 9.391297705518102390e+00
7.531312844452019206e+00 9.402325652245410836e+00
7.553106852325432108e+00 9.413142974411877972e+00
7.574805329725736058e+00 9.423792914870478654e+00
7.596414143720205736e+00 9.434284787168758513e+00
7.617939071370678050e+00 9.444627709003214022e+00
7.639385766740417694e+00 9.454830555902034916e+00
7.660759732037216274e+00 9.464901921402892881e+00
7.682066292850478817e+00 9.474850083595637074e+00
7.703310577396755399e+00 9.484682977815136695e+00
7.724497499629256581e+00 9.494408175211201950e+00
7.745631746033934562e+00 9.504032866861667372e+00
7.766717765898137671e+00 9.513563853052154684e+00
7.787759764808667384e+00 9.523007537313782578e+00
7.808761701118990040e+00 9.532369924784262594e+00
7.829727285110608115e+00 9.541656624444232904e+00
7.850659980563077234e+00 9.550872854777301413e+00
7.871563008447910903e+00 9.560023452402726107e+00
7.892439352463271440e+00 9.569112883239773382e+00
7.913291766130560845e+00 9.578145255780494693e+00
7.934122781188664320e+00 9.587124336065402375e+00
7.954934717031062696e+00 9.596053563984362711e+00
7.975729690951515849e+00 9.604936070549742411e+00
7.996509628975863926e+00 9.613774695823529726e+00
8.017276277084739888e+00 9.622572007205835831e+00
8.038031212643089063e+00 9.631330317830952836e+00
8.058775855881339822e+00 9.640051704843081382e+00
8.079511481286514751e+00 9.648738027360304059e+00
8.100239228785159895e+00 9.657390943963148899e+00
8.120960114618554826e+00 9.666011929573265604e+00
8.141675041827394210e+00 9.674602291615814309e+00
8.162384810280752134e+00 9.683163185383550697e+00
8.183090126201156167e+00 9.691695628542206009e+00
8.203791607725753110e+00 9.700200510022039424e+00
8.224489797331965946e+00 9.708678608261449128e+00
8.245185169649813517e+00 9.717130602921423943e+00
8.265878138621481241e+00 9.725557085580650352e+00
8.286569064107894178e+00 9.733958569561863783e+00
8.307121927924779214e+00 9.742439808663529988e+00
8.327077982189468486e+00 9.751357387462000759e+00
8.346963184409503356e+00 9.760329314096887643e+00
8.366847265040906478e+00 9.769304967095623127e+00
8.386730395745225053e+00 9.778284579170378521e+00
8.406612725100202965e+00 9.787268351869323979e+00
8.426494379253096412e+00 9.796256456395850520e+00
8.446375464379377362e+00 9.805249036908019633e+00
8.466256069049521216e+00 9.814246213698526233e+00
8.486136268114764292e+00 9.823248088469508588e+00
8.506015038089323355e+00 9.832253255987946972e+00
8.525893813723953940e+00 9.841263683138262053e+00
8.545772595048466869e+00 9.850279369931049800e+00
8.565651382092744015e+00 9.859300316376863549e+00
8.585530174886409682e+00 9.868326522486453811e+00
8.605408973459224953e+00 9.877357988270475175e+00
8.625287777841128545e+00 9.886394713739450779e+00
8.645166588061554691e+00 9.895436698904282125e+00
8.665045404150319541e+00 9.904483943775595378e+00
8.684924226137049175e+00 9.913536448364165921e+00
8.704803054051309275e+00 9.922594212680813541e+00
8.724681887922953294e+00 9.931657236736148420e+00
8.744560727781248488e+00 9.940725520541221272e+00
8.764439573656037652e+00 9.949799064106661817e+00
8.784318425576707057e+00 9.958877867443440834e+00
8.804197283572946731e+00 9.967961930562310613e+00
8.824076147673963533e+00 9.977051253474380488e+00
8.843955017909532756e+00 9.986145836190356562e+00
8.863833894309038897e+00 9.995245678721218496e+00
8.883712776901786512e+00 1.000435078107802944e+01
8.903591665717458525e+00 1.001346114327156300e+01
8.923470560785128569e+00 1.002257676531305286e+01
8.943349462134435157e+00 1.003169764721332058e+01
8.963405085269206651e+00 1.004069051330605156e+01
8.983756717466681252e+00 1.004945946647600508e+01
9.004113020993324668e+00 1.005821440781418197e+01
9.024469348355825815e+00 1.006695868960494877e+01
9.044825699331855873e+00 1.007569231176567293e+01
9.065182073698753840e+00 1.008441527421402739e+01
9.085538471233647329e+00 1.009312757686791251e+01
9.105894891713033346e+00 1.010182921964575442e+01
9.126251334913245472e+00 1.011052020246618355e+01
9.146607800610567551e+00 1.011920052524791913e+01
9.166964288580519593e+00 1.012787018791032168e+01
9.187320798598593186e+00 1.013652919037284228e+01
9.207677330439851815e+00 1.014517753255532462e+01
9.228033883878756782e+00 1.015381521437812395e+01
9.248390458690042948e+00 1.016244223576147654e+01
9.268747054647823447e+00 1.017105859662613909e+01
9.289103671525449357e+00 1.017966429689352736e+01
9.309460309096875719e+00 1.018825933648466808e+01
9.329816967134918926e+00 1.019684371532151879e+01
9.350173645412311885e+00 1.020541743332617557e+01
9.370530343701789278e+00 1.021398049042081091e+01
9.390887061775174516e+00 1.022253288652836112e+01
9.411243799404529042e+00 1.023107462157165592e+01
9.431600556361317444e+00 1.023960569547405974e+01
9.451957332416533575e+00 1.024812610815936331e+01
9.472314127341274315e+00 1.025663585955137336e+01
9.492670940905904686e+00 1.026513494957451478e+01
9.513027772880692012e+00 1.027362337815338122e+01
9.533384623035525252e+00 1.028210114521292695e+01
9.553741491140108621e+00 1.029056825067833358e+01
9.574098376963330992e+00 1.029902469447548619e+01
9.594453542137882707e+00 1.030747182363726822e+01
9.614508884802496880e+00 1.031614084071716952e+01
9.634344337677985592e+00 1.032497973799820024e+01
9.654179797810012786e+00 1.033382527881968471e+01
9.674015265261097340e+00 1.034267746320136361e+01
9.693850740093328255e+00 1.035153629116331331e+01
9.713686222368654199e+00 1.036040176272573454e+01
9.733521712149721949e+00 1.036927387790832356e+01
9.753357209498160429e+00 1.037815263673154753e+01
9.773192714476394372e+00 1.038703803921528923e+01
9.793028227145965658e+00 1.039593008538011887e+01
9.812863747569055661e+00 1.040482877524613592e+01
9.832699275807522454e+00 1.041373410883369743e+01
9.852534811923089109e+00 1.042264608616327415e+01
9.872370355977521328e+00 1.043156470725532436e+01
9.892205908032543960e+00 1.044048997213034724e+01
9.912041468149759282e+00 1.044942188080894852e+01
9.931877036390748259e+00 1.045836043331176590e+01
9.951712612816923098e+00 1.046730562965957745e+01
9.971548197489964238e+00 1.047625746987297291e+01
9.991383790471093818e+00 1.048521595397289730e+01
1.001121939182184839e+01 1.049418108198007893e+01
1.003105500160345187e+01 1.050315285391548770e+01
1.005089061987695231e+01 1.051213126980024271e+01
1.007072624670374950e+01 1.052111632965521437e+01
1.009056188214502647e+01 1.053010803350144187e+01
1.011039752626163946e+01 1.053910638136023081e+01
1.013023317911471111e+01 1.054811137325269499e+01
1.015006884076522731e+01 1.055712300920006008e+01
1.016990451127416861e+01 1.056614128922358020e+01
1.018974019070203596e+01 1.057516621334486828e+01
1.020957587911007280e+01 1.058419778158500257e+01
1.022941157655869304e+01 1.059323599396569193e+01
1.024924728310873157e+01 1.060228085050833791e+01
1.026908299882070175e+01 1.061133235123460494e+01
1.028891872375524841e+01 1.062039049616605979e+01
1.030875445797290091e+01 1.062945528532437756e+01
1.032859020153392571e+01 1.063852671873143407e+01
1.034842595449901204e+01 1.064760479640880853e+01
1.036826171692828069e+01 1.065668951837850820e+01
1.038809748888195550e+01 1.066578088466247820e+01
1.040793327042047878e+01 1.067487889528251799e+01
1.042776906160387895e+01 1.068398355026073432e+01
1.044760486249229281e+01 1.069309484961918244e+01
1.046744067314580207e+01 1.070221279337995135e+01
1.048727649362432324e+01 1.071133738156527748e+01
1.050711232398789896e+01 1.072046861419730490e+01
1.052694816429636049e+01 1.072960649129835531e+01
