0.000000000000000000e+00 0.000000000000000000e+00
-8.596327333675476412e-01 -1.720276929571706859e-01
-8.394391914985248615e-01 -1.545351214838527887e-01
-8.192453046038234987e-01 -1.370119611140658000e-01
-7.990510749830690429e-01 -1.194582132854308115e-01
-7.788565049270907981e-01 -1.018738794392922281e-01
-7.586615967179369813e-01 -8.425896102066494919e-02
-7.384663526288905988e-01 -6.661345947819072300e-02
-7.182707749244863216e-01 -4.893737626408614649e-02
-6.980748658605262502e-01 -3.123071283409611931e-02
-6.778786276840971237e-01 -1.349347064744352287e-02
-6.576820626335864173e-01 4.274348833213925669e-03
-6.374828608838738475e-01 2.207326536949283380e-02
-6.172827848323976241e-01 3.990288499052543902e-02
-5.970817267020744890e-01 5.776323257380325260e-02
-5.768795584586589031e-01 7.565433797152942841e-02
-5.566761285331873754e-01 9.357623684351015769e-02
-5.364712581039876582e-01 1.115289716072135617e-01
-5.162647368964532468e-01 1.295125925170591275e-01
-4.960563184581522900e-01 1.475271588855768812e-01
-4.758457148668994163e-01 1.655727404591310070e-01
-4.556325908304670325e-01 1.836494189610611838e-01
-4.354165571387944578e-01 2.017572898148252691e-01
-4.151971634330922645e-01 2.198964640590611863e-01
-3.949738902615201330e-01 2.380670704655789283e-01
-3.747461403984028161e-01 2.562692578696328383e-01
-3.545132294138271245e-01 2.745031977197406325e-01
-3.342743689035755361e-01 2.927690884184797060e-01
-3.140286376017080716e-01 3.110671626365134612e-01
-2.937750084283167196e-01 3.293976813719092234e-01
-2.735123203011919912e-01 3.477609411479490320e-01
-2.532392618793924965e-01 3.661572784706869088e-01
-2.329543568555557664e-01 3.845870739896439239e-01
-2.126559485613102041e-01 4.030507568951821051e-01
-1.923421839774736020e-01 4.215488095338507657e-01
-1.720109972651401309e-01 4.400817722164053203e-01
-1.516600929600121495e-01 4.586502481861660652e-01
-1.312869289999865074e-01 4.772549087073136853e-01
-1.108886997850125899e-01 4.958964982248378339e-01
-9.046231949784588888e-02 5.145758395389162798e-01
-7.000440594431300845e-02 5.332938389277326330e-01
-4.951126520137272280e-02 5.520514911437429673e-01
-2.897887738992499518e-02 5.708498841990911066e-01
-8.402883916556969091e-03 5.896902038474608476e-01
1.222142344683874171e-02 6.085737376608599813e-01
3.289911125477251730e-02 6.275018785920879472e-01
5.363561221127033374e-02 6.464761283547248993e-01
7.443672850723359602e-02 6.654980996966364248e-01
9.530863056236948960e-02 6.845695175136106148e-01
1.162578530183319137e-01 7.036922192496943840e-01
1.372912865051357789e-01 7.228681541895491947e-01
1.584161648006180423e-01 7.420993815217329370e-01
1.796400470312906616e-01 7.613880670564268094e-01
2.009707946009134938e-01 7.807364784890103993e-01
2.224165425809822016e-01 8.001469791114899088e-01
2.439856653551474297e-01 8.196220198871420060e-01
2.656867363771111545e-01 8.391641298202059396e-01
2.875284819783777701e-01 8.587759045720466666e-01
3.095197292479114903e-01 8.784599932970448277e-01
3.316693480989530984e-01 8.982190836968017011e-01
3.539861877382449729e-01 9.180558853181273182e-01
3.764790078578040822e-01 9.379731111499146623e-01
3.991564049777992507e-01 9.579734576048335448e-01
4.220267344789244701e-01 9.780595830037861482e-01
4.450980289716880423e-01 9.982340847141782936e-01
4.683779137563440775e-01 1.018499475125115072e+00
4.918735202277981777e-01 1.038858156675208200e+00
5.155913981728832418e-01 1.059312396178647031e+00
5.395374279899294301e-01 1.079864298723907545e+00
5.637167339305018121e-01 1.100515781444756147e+00
5.881335995180871912e-01 1.121268547485170020e+00
6.127913863364818914e-01 1.142124060497059723e+00
6.376924573995228496e-01 1.163083520022739181e+00
6.628381063126340678e-01 1.184147838120736651e+00
6.882284934137835597e-01 1.205317617595021096e+00
7.138625900365785926e-01 1.226593132182485890e+00
7.397381319710085723e-01 1.247974309041723240e+00
7.658515831079932834e-01 1.269460713868072244e+00
7.921981101434710792e-01 1.291051538934666842e+00
8.187715690871233409e-01 1.312745594328652565e+00
8.455645041726278510e-01 1.334541302613436287e+00
8.725681596017011987e-01 1.356436697106337741e+00
8.997725043771923614e-01 1.378429423912415075e+00
9.271389934760729812e-01 1.400607965850451109e+00
9.537582652057676746e-01 1.425982276477672173e+00
9.801203637479392050e-01 1.452750489418204616e+00
1.006673573013875389e+00 1.479276173978552933e+00
1.033403582713215973e+00 1.505551168287795560e+00
1.060295074192143971e+00 1.531567368248763383e+00
1.087331821255398179e+00 1.557316794471560462e+00
1.114496801163507245e+00 1.582791658569298265e+00
1.141772314563642254e+00 1.607984427925311932e+00
1.169140112970019185e+00 1.632887888057171999e+00
1.196581532290062366e+00 1.657495201734991319e+00
1.224077630797901994e+00 1.681799964060197272e+00
1.251609328100308449e+00 1.705796252413927849e+00
1.279157546606035645e+00 1.729478671334698570e+00
1.306703353473536833e+00 1.752842391627738694e+00
1.334228099031778303e+00 1.775883182765984447e+00
1.361713551066434658e+00 1.798597438458447551e+00
1.389142023323348241e+00 1.820982195128901138e+00
1.416496496619862100e+00 1.843035143157258915e+00
1.443760730935774728e+00 1.864754630839064786e+00
1.470919366613659518e+00 1.886139661095749931e+00
1.497958011623392149e+00 1.907189880947378624e+00
1.524863304819983334e+00 1.927905563108973208e+00
1.551620624918424118e+00 1.948287313393407771e+00
1.578220993184522136e+00 1.968336870411809381e+00
1.604654550457565332e+00 1.988056242808272644e+00
1.630912680951313032e+00 2.007447946190751065e+00
1.656988026925806601e+00 2.026514961448789176e+00
1.682874490215455321e+00 2.045260690011039273e+00
1.708567221008476134e+00 2.063688906794297839e+00
1.734062594425264558e+00 2.081803711605777707e+00
1.759358175579788242e+00 2.099609479759443342e+00
1.784452673927228838e+00 2.117110812653202334e+00
1.809345887801732111e+00 2.134312489029056348e+00
1.834038640129647568e+00 2.151219417602900474e+00
1.858532706366018417e+00 2.167836591707528182e+00
1.882830735745691486e+00 2.184169046540840764e+00
1.906936166966079815e+00 2.200221819553780378e+00
1.930853139427534337e+00 2.215999914451053154e+00
1.954586401150934183e+00 2.231508269211573303e+00
1.978141214472337817e+00 2.246751728468485698e+00
2.001523260583151220e+00 2.261735020519153316e+00
2.027499252579779476e+00 2.276300507801715334e+00
2.058804866575639991e+00 2.290180222298101587e+00
2.089931372654852293e+00 2.303644966130973692e+00
2.120861218857183150e+00 2.316698865327996959e+00
2.151578387002002657e+00 2.329346690430040834e+00
2.182068446783936633e+00 2.341593792018849207e+00
2.212212406444525659e+00 2.352615403626549195e+00
2.241652734964381555e+00 2.359984893139987161e+00
2.270762757208433236e+00 2.367047179511296395e+00
2.299582600923665510e+00 2.374194045027895328e+00
2.328106864508440843e+00 2.381425023211796166e+00
2.356331584785365418e+00 2.388739459968185042e+00
2.384254186718150592e+00 2.396136527976969077e+00
2.411873423949919104e+00 2.403615241717079964e+00
2.439189311368872293e+00 2.411174472914134004e+00
2.466203050941275787e+00 2.418812966211800752e+00
2.492916952063382485e+00 2.426529354876654221e+00
2.519334347675058705e+00 2.434322176360319556e+00
2.545459506509830661e+00 2.442189887646995849e+00
2.571297544685264391e+00 2.450130880020406465e+00
2.596854336299417199e+00 2.458143493283170500e+00
2.622136428598777158e+00 2.466226028852366081e+00
2.647150947401302634e+00 2.474376763222454478e+00
2.671905513679160293e+00 2.482593959625087887e+00
2.696408160552103528e+00 2.490875879044695651e+00
2.720667253743906056e+00 2.499220790297226547e+00
2.744691416096920911e+00 2.507626979146231783e+00
2.768489456593143938e+00 2.516092756449260559e+00
2.792070304229308242e+00 2.524616465341481764e+00
2.815442946996605578e+00 2.533196487475286585e+00
2.838616376124046159e+00 2.541831248345268079e+00
2.861599535659432370e+00 2.550519221736955888e+00
2.884401277384144535e+00 2.559258933345082809e+00
2.907030320574764293e+00 2.568048963649450567e+00
2.929495213278418220e+00 2.576887950380128078e+00
2.951804304266918422e+00 2.585774589797049217e+00
2.973965717256882080e+00 2.594707637586209259e+00
2.995987327950130563e+00 2.603685909345017535e+00
3.017876744492927976e+00 2.612708280631363955e+00
3.039641299268305730e+00 2.621773685960773204e+00
3.061288037251689964e+00 2.630881118028547849e+00
3.082823708194005974e+00 2.640029626555310038e+00
3.104254761305093702e+00 2.649218316890328939e+00
3.125587341835045940e+00 2.658446348439383655e+00
3.146827288966862923e+00 2.667712932976959106e+00
3.167980134232089906e+00 2.677017332911892478e+00
3.189051287619162345e+00 2.686358845793064276e+00
3.210045794779901929e+00 2.695736821045469078e+00
3.230968384721584652e+00 2.705150654416682343e+00
3.251823513255313713e+00 2.714599783055311022e+00
3.272566993250309419e+00 2.723439897852516278e+00
3.293101712666122616e+00 2.729924677560496171e+00
3.313634605711593295e+00 2.736652179287958120e+00
3.334183667470533408e+00 2.743903882264595584e+00
3.354748042025571753e+00 2.751678013028028946e+00
3.375326791480856681e+00 2.759972807548022100e+00
3.395918902073133516e+00 2.768786504471913545e+00
3.416523289430209775e+00 2.778117339275823827e+00
3.437138802914221358e+00 2.787963539167473748e+00
3.457764229018823077e+00 2.798323318591988684e+00
3.478398293818165676e+00 2.809194875201455943e+00
3.499039664491244039e+00 2.820576386161423255e+00
3.519686949968061196e+00 2.832466004681887473e+00
3.540338700764131374e+00 2.844861856676151657e+00
3.560993408087303358e+00 2.857762037468492000e+00
3.581649502316057720e+00 2.871164608488655734e+00
3.602353841187587946e+00 2.885076089907748997e+00
3.623540900226516648e+00 2.899578439093463800e+00
3.644650897658416433e+00 2.914575989209437612e+00
3.665671456488104774e+00 2.930061282490664887e+00
3.686590174890357563e+00 2.946026400601251094e+00
3.707394624849109643e+00 2.962462981160019382e+00
3.728072346338220822e+00 2.979362232244481490e+00
3.748610836884234132e+00 2.996714944514633938e+00
3.768997536335397136e+00 3.014511500598393123e+00
3.789219806632404985e+00 3.032741881376153970e+00
3.809264906333746925e+00 3.051395668789353532e+00
3.829119959589660116e+00 3.070462044777092281e+00
3.849453723426973895e+00 3.090146545287876023e+00
3.870540516382544816e+00 3.108889234349843544e+00
3.894830823357652072e+00 3.122111261056733866e+00
3.919531956344660895e+00 3.139182832749397800e+00
3.944064135539640858e+00 3.161067393578852691e+00
3.969171593598686876e+00 3.187926911197322521e+00
3.994102784608405621e+00 3.219174834091032000e+00
4.018752190352296694e+00 3.254543103521016612e+00
4.043004753186276723e+00 3.293770179819071497e+00
4.066737760224811815e+00 3.336598127231864552e+00
4.089821789543282016e+00 3.382770303266956269e+00
4.112120654713105949e+00 3.432029054370270948e+00
4.133490280218989454e+00 3.484112948474949789e+00
4.153776400545129199e+00 3.538753132171684967e+00
4.171938208918463786e+00 3.595362395276996192e+00
4.190932820513842749e+00 3.656171754783325678e+00
4.209797168126947930e+00 3.716651093704415931e+00
4.228594464523903085e+00 3.776674307114871176e+00
4.247322588921443653e+00 3.836240430696318260e+00
4.265979575794327516e+00 3.895348684295990349e+00
4.284563645925066666e+00 3.953998497366228548e+00
4.303073232933722458e+00 4.012189529702130386e+00
4.321507009032051094e+00 4.069921690836651784e+00
4.339863909745553805e+00 4.127195157870668929e+00
4.358143157235693010e+00 4.184010391427287701e+00
4.376344281851222817e+00 4.240368149428531908e+00
4.394467141540199684e+00 4.296269498406938503e+00
4.412511937125511707e+00 4.351715820689580738e+00
4.430479221928250944e+00 4.406708816265400230e+00
4.448369920436156200e+00 4.461250511882924208e+00
4.466185332487627946e+00 4.515343257344791361e+00
4.483927134510704349e+00 4.568989719039049824e+00
4.501597379361861329e+00 4.622192872067614644e+00
4.519198493443313147e+00 4.674955989911508070e+00
4.536731525854283298e+00 4.727281194745329707e+00
4.554294993662388435e+00 4.779144639562623809e+00
4.572398319468741867e+00 4.830469912911882879e+00
4.590566765104895808e+00 4.881938733547207754e+00
4.608701970619606847e+00 4.933680246982060424e+00
4.626808712334033125e+00 4.985698186838326329e+00
4.644891911620280922e+00 5.037996470260027060e+00
4.662956592929885957e+00 5.090579163909996652e+00
4.681007839292690598e+00 5.143450447046552299e+00
4.699050745704266063e+00 5.196614571998120269e+00
4.717090370849311043e+00 5.250075822389879576e+00
4.735131687631398911e+00 5.303838469506983344e+00
4.753179532995148726e+00 5.357906727204216679e+00
4.771238557535921743e+00 5.412284705791136297e+00
4.789313175394064537e+00 5.466976365334907051e+00
4.807407514926178571e+00 5.521985468830250099e+00
4.825525370634863087e+00 5.577315535687231929e+00
4.843670156821993977e+00 5.632969795983417072e+00
4.861844862887919838e+00 5.688951145464198333e+00
4.880052012170244424e+00 5.745262102993288877e+00
4.898293623469765379e+00 5.801904769790988681e+00
4.916571175744419264e+00 5.858880790948649775e+00
4.934885576457070044e+00 5.916191319720693009e+00
4.953237133865341590e+00 5.973836984929961957e+00
4.971625533507794792e+00 6.031817861796006319e+00
4.990049819106904927e+00 6.090133446469556233e+00
5.008508378077474177e+00 6.148782634530203239e+00
5.026998931798596359e+00 6.207763703679026079e+00
5.045518530779271593e+00 6.267074300833740175e+00
5.064063554821910174e+00 6.326711433811096796e+00
5.082629718264532137e+00 6.386671467760020704e+00
5.101212080361131385e+00 6.446950126489001676e+00
5.119558073437991297e+00 6.507598847099321127e+00
5.137325878801878076e+00 6.568480806766311630e+00
5.155054018638732138e+00 6.628969185437276757e+00
5.172758288476615895e+00 6.689031865877675287e+00
5.190430439759930792e+00 6.748662120323867697e+00
5.208061626858323301e+00 6.807852827948347674e+00
5.225886954547172891e+00 6.866812707759321732e+00
5.245396353223314101e+00 6.926851437333237271e+00
5.264080106502233569e+00 6.985750190664130166e+00
5.281944403560159707e+00 7.043524356569593969e+00
5.298992352501449510e+00 7.100186734880621131e+00
5.315223994219246961e+00 7.155747612474844921e+00
5.330636262641782253e+00 7.210214794646208958e+00
5.346413320557620530e+00 7.264612866797652835e+00
5.363202609166862089e+00 7.319489669011502997e+00
5.379840813657301268e+00 7.373846798997185203e+00
5.395655084116867783e+00 7.428032454846322352e+00
5.408890104370566831e+00 7.482728033985935667e+00
5.421442664073190087e+00 7.535629459388053064e+00
5.433455290681298955e+00 7.586597670267906324e+00
5.444883531113000608e+00 7.635731769355208698e+00
5.455681920746771496e+00 7.683152262118714049e+00
5.466220909089006597e+00 7.728558222819380319e+00
5.477025602932373616e+00 7.771507605509841099e+00
5.487287791263080194e+00 7.813232491533161905e+00
5.496957391216758637e+00 7.853897550358121649e+00
5.506016885667341043e+00 7.893648166669751554e+00
5.514456932374012688e+00 7.932654083264923273e+00
5.522280136989093258e+00 7.971112721609466156e+00
5.529506183913714956e+00 8.009252518985244151e+00
5.536178728233786650e+00 8.047335932760095289e+00
5.542374503532232488e+00 8.085661509782539724e+00
5.548215091850164704e+00 8.124564044660928630e+00
5.553881658552914935e+00 8.164411328734590967e+00
5.559632552321738252e+00 8.205595326323658512e+00
5.565822828876312300e+00 8.248514891582770403e+00
5.572923258995207796e+00 8.293546608182317925e+00
5.581534093549088027e+00 8.341000524397079730e+00
5.592385940383990395e+00 8.391059334896187494e+00
5.606317496514614973e+00 8.443703985733543860e+00
5.624219534626280215e+00 8.498636318187193339e+00
5.646831597637929079e+00 8.554866671267765454e+00
5.662789477954837558e+00 8.579611271721418575e+00
5.671958372473911325e+00 8.583193063080628349e+00
5.681046378795347351e+00 8.586811116613564110e+00
5.690077496001231694e+00 8.590457698907652428e+00
5.699076317696770921e+00 8.594125603510059719e+00
5.708067845866027668e+00 8.597808214212617983e+00
5.717077300354577396e+00 8.601499561370356872e+00
5.726129926307398144e+00 8.605194370590078634e+00
5.735250802254514113e+00 8.608888103165883265e+00
5.744464653610305227e+00 8.612576987230841752e+00
5.753795665358507172e+00 8.616258041684391245e+00
5.763267304683645342e+00 8.619929090348353640e+00
5.772902154092722782e+00 8.623588766878921064e+00
5.782721755769503424e+00 8.627236510921164836e+00
5.792746462217106540e+00 8.630872557323334249e+00
5.802995308796289109e+00 8.634497915368228860e+00
5.813485900845520860e+00 8.638114340747724995e+00
5.824234317558395269e+00 8.641724300606583142e+00
5.835255033569076488e+00 8.645330932313799011e+00
5.846560858837440477e+00 8.648937996728820465e+00
5.858162897255888346e+00 8.652549826760465024e+00
5.870070372424783578e+00 8.656171299793200546e+00
5.882290877722058831e+00 8.659807729768225215e+00
5.894830319564805521e+00 8.663464822271768284e+00
5.907692900657734114e+00 8.667148622015405479e+00
5.920881163395287139e+00 8.670865451319999195e+00
5.934396047302286092e+00 8.674621849197952983e+00
5.948236959323068618e+00 8.678424511752458770e+00
5.962401855480486290e+00 8.682280234581631007e+00
5.976887332333172154e+00 8.686195857801843445e+00
5.991688726598241033e+00 8.690178214226150999e+00
6.006800221276044738e+00 8.694234081147660831e+00
6.022214956613455961e+00 8.698370136092227867e+00
6.037925144270209543e+00 8.702592916818446156e+00
6.053922183106770660e+00 8.706908785755802072e+00
6.070196775089734764e+00 8.711323898989775216e+00
6.086739039908614757e+00 8.715844179822816784e+00
6.103538627013223916e+00 8.720475296870533910e+00
6.120584823909368311e+00 8.725222646581507036e+00
6.138023613165733749e+00 8.732138689538233578e+00
6.155934921561870610e+00 8.742607406914343571e+00
6.174036358961407345e+00 8.753104793233283942e+00
6.192312254774371638e+00 8.763571505047130117e+00
6.210751609698355935e+00 8.774007966611417686e+00
6.229343639045645808e+00 8.784414622160193531e+00
6.248077829351728063e+00 8.794791930491797416e+00
6.266943987290769513e+00 8.805140359889110258e+00
6.285932281031971769e+00 8.815460383402927036e+00
6.305033274265472443e+00 8.825752474531622482e+00
6.324237953206591989e+00 8.836017103308599019e+00
6.343537746956268819e+00 8.846254732810834298e+00
6.362924541650733623e+00 8.856465816091388277e+00
6.382390688875956286e+00 8.866650793529705865e+00
6.401929008853392666e+00 8.876810090591595426e+00
6.421532788922575286e+00 8.886944115984773518e+00
6.441195777854345828e+00 8.897053260188517498e+00
6.460912176527805251e+00 8.907137894336363715e+00
6.480676625494336207e+00 8.917198369427078219e+00
6.500484189934749857e+00 8.927235015834122933e+00
6.520330342492846043e+00 8.937248143087426655e+00
6.540210944439880159e+00 8.947238039895742290e+00
6.560122225592714074e+00 8.957204974383058627e+00
6.580060763372605592e+00 8.967149194505696030e+00
6.600023461355516652e+00 8.977070928627174595e+00
6.620007527625912047e+00 8.986970386218464668e+00
6.640010453208939012e+00 8.996847758663099270e+00
6.660029990817593948e+00 9.006703220140170885e+00
6.680064134115736074e+00 9.016536928564764963e+00
6.700111097663104864e+00 9.026349026566824918e+00
6.720169297675949949e+00 9.036139642489946056e+00
6.740237333706862621e+00 9.045908891394688567e+00
6.760313971320200288e+00 9.055656876054841931e+00
6.780398131611203638e+00 9.065383687327745577e+00
6.800488869193735297e+00 9.075089405793431041e+00
6.820585358149100941e+00 9.084774102663054407e+00
6.840686879184035618e+00 9.094437840631723446e+00
6.860792807817553296e+00 9.104080674686773733e+00
6.880884325404934998e+00 9.113539173371979274e+00
6.900898987780509586e+00 9.122267190155469052e+00
6.920906615553567676e+00 9.130914651145246808e+00
6.940916182977328042e+00 9.139567255423939329e+00
6.960927402686355236e+00 9.148225035298706231e+00
6.980940025845946195e+00 9.156888018667574514e+00
7.000953841115982179e+00 9.165556229175573222e+00
7.020968670564192493e+00 9.174229686694332031e+00
7.040984365728804484e+00 9.182908407781779303e+00
7.061000801107562452e+00 9.191592406409919036e+00
7.081019705410854570e+00 9.200281498830573668e+00
7.101038657891431072e+00 9.208975944132136604e+00
7.121057658525205447e+00 9.217675742335126543e+00
7.141076707288097403e+00 9.226380893460142119e+00
7.161095804155987565e+00 9.235091397527467549e+00
7.181114949104768996e+00 9.243807254557548703e+00
7.201134142110354297e+00 9.252528464571048161e+00
7.221153383148587679e+00 9.261255027588008559e+00
7.241172672195355986e+00 9.269986943628936160e+00
7.261192009226519417e+00 9.278724212714104524e+00
7.281211394217925736e+00 9.287466834863707277e+00
7.301230827145453794e+00 9.296214810098287984e+00
7.321250307984903394e+00 9.304968138437676117e+00
7.341269836712146279e+00 9.313726819902393927e+00
7.361289413302987583e+00 9.322490854512407665e+00
7.381309037733271516e+00 9.331260242288051288e+00
7.401328709978771236e+00 9.340034983249070777e+00
7.421348430015335396e+00 9.348815077415894237e+00
7.441368197818752250e+00 9.357600524808479037e+00
7.461388013364798510e+00 9.366391325446677740e+00
7.481407876629296183e+00 9.375187479350801212e+00
7.501427787587982010e+00 9.383988986540416022e+00
7.521447746216664676e+00 9.392795847035779744e+00
7.541489764716984290e+00 9.401818991653327018e+00
7.561568789985908090e+00 9.411195023687637828e+00
7.581648578406582573e+00 9.420566456687236467e+00
7.601728550562238951e+00 9.429927589662669973e+00
7.621808706635606612e+00 9.439278422462708207e+00
7.641889046809310138e+00 9.448618954935687597e+00
7.661969571265885293e+00 9.457949186929637264e+00
7.682050280187727509e+00 9.467269118291792296e+00
7.702131173757147842e+00 9.476578748869139091e+00
7.722212252156387180e+00 9.485878078508568123e+00
7.742293515567522988e+00 9.495167107055998201e+00
7.762374964172566116e+00 9.504445834357268197e+00
7.782456598153403071e+00 9.513714260257653876e+00
7.802538417691778250e+00 9.522972384601667173e+00
7.822620422969402298e+00 9.532220207234098908e+00
7.842702614167837538e+00 9.541457727998938765e+00
7.862784991468480200e+00 9.550684946739211867e+00
7.882867555052731845e+00 9.559901863298629010e+00
7.902950305101775541e+00 9.569108477519467471e+00
7.923033241796712645e+00 9.578304789243865969e+00
7.943116365318572569e+00 9.587490798313913487e+00
7.963199675848189329e+00 9.596666504570540823e+00
7.983283173566355195e+00 9.605831907854932794e+00
8.003366858653713223e+00 9.614987008007483738e+00
8.023450731290763471e+00 9.624131804867982254e+00
8.043534791657943828e+00 9.633266298276279116e+00
8.063619039935518984e+00 9.642390488071301391e+00
8.083703476303663038e+00 9.651504374091793181e+00
8.103788100942418637e+00 9.660607956175994104e+00
8.123872914031727177e+00 9.669701234161870218e+00
8.143957915751336429e+00 9.678784207886337754e+00
8.164042858290450511e+00 9.687854784220888860e+00
8.184085116236872182e+00 9.696554008769851407e+00
8.204096034401255011e+00 9.704987971138322678e+00
8.224107031355739394e+00 9.713428726084401887e+00
8.244118107051969346e+00 9.721876273652357625e+00
8.264129261441512497e+00 9.730330613885918467e+00
8.284140494475900951e+00 9.738791746828649565e+00
8.304151806106755629e+00 9.747259672524938523e+00
8.324163196285541133e+00 9.755734391017936602e+00
8.344174664963814436e+00 9.764215902351752518e+00
8.364186212093001060e+00 9.772704206569407859e+00
8.384197837624599359e+00 9.781199303714700477e+00
8.404209541510050840e+00 9.789701193831021442e+00
8.424221323700763264e+00 9.798209876961589515e+00
8.444233184148140836e+00 9.806725353149664315e+00
8.464245122803564669e+00 9.815247622438453945e+00
8.484257139618391008e+00 9.823776684871003084e+00
8.504269234543954781e+00 9.832312540490322661e+00
8.524281407531558941e+00 9.840855189339215769e+00
8.544293658532529534e+00 9.849404631460796367e+00
8.564305987498114447e+00 9.857960866897617080e+00
8.584318394379598871e+00 9.866523895692601798e+00
8.604330879128205822e+00 9.875093717888283606e+00
8.624343441695124568e+00 9.883670333526980656e+00
8.644356082031581678e+00 9.892253742651430315e+00
8.664368800088759315e+00 9.900843945304091065e+00
8.684381595817786348e+00 9.909440941527019930e+00
8.704394469169812965e+00 9.918044731362595456e+00
8.724407420095957377e+00 9.926655314853016776e+00
8.744420448547332470e+00 9.935272692040461706e+00
8.764433554474969412e+00 9.943896862966532524e+00
8.784446737829986418e+00 9.952527827673719685e+00
8.804459998563382683e+00 9.961165586203488687e+00
8.824473336626200037e+00 9.969810138597823723e+00
8.844486751969427019e+00 9.978461484898302203e+00
8.864500244544053942e+00 9.987119625146659629e+00
8.884513814301055135e+00 9.995784559384471635e+00
8.904527461191346305e+00 1.000445628765300476e+01
8.924541185165898227e+00 1.001313480999401762e+01
8.944554986175589306e+00 1.002182012644857423e+01
8.964568864171301499e+00 1.003051223705786299e+01
8.984582819103938078e+00 1.003921114186332453e+01
9.004596850924334817e+00 1.004791684090589321e+01
9.024610959583331038e+00 1.005662933422662064e+01
9.044625145031748303e+00 1.006534862186649271e+01
9.064639407220377976e+00 1.007407470386628212e+01
9.084653746100013194e+00 1.008280758026691615e+01
9.104668161621415123e+00 1.009154725110904671e+01
