0.000000000000000000e+00 0.000000000000000000e+00
-2.383358792721304298e-01 -7.865970465675301559e-01
-2.173955555295305486e-01 -7.678166997127457982e-01
-1.963320078853089679e-01 -7.486133427041856692e-01
-1.751467054669943180e-01 -7.289883318106210597e-01
-1.538412958258414953e-01 -7.089436132052460149e-01
-1.324176116353646404e-01 -6.884817521912118821e-01
-1.108776790021733516e-01 -6.676059679740122821e-01
-8.922372703623143719e-02 -6.463201729651528726e-01
-6.745819828632287907e-02 -6.246290154465130584e-01
-4.558375961458985270e-02 -6.025379242959735260e-01
-2.360331306210761149e-02 -5.800531543752891483e-01
-1.520006246121446969e-03 -5.571818311130758428e-01
2.066275817111593027e-02 -5.339319927808509059e-01
4.294131439178924814e-02 -5.103126289591246589e-01
6.531172719968506013e-02 -4.863337137238447072e-01
8.776978788385708663e-02 -4.620062321502796387e-01
1.103110127278058572e-01 -4.373421988304697638e-01
1.329306443750303823e-01 -4.123546672295091975e-01
1.556236563262081707e-01 -3.870577288623914813e-01
1.783847607618967435e-01 -3.614665014536889154e-01
2.012084198183868300e-01 -3.355971054429269795e-01
2.240888603749731367e-01 -3.094666284149175661e-01
2.470200914970011874e-01 -2.830930800539078751e-01
2.699959257581192595e-01 -2.564953333748358766e-01
2.930100046184639373e-01 -2.296930513772267313e-01
3.160558261125410162e-01 -2.027066046730218174e-01
3.391267751286010101e-01 -1.755569789744013676e-01
3.622161567262528470e-01 -1.482656707491526449e-01
3.853172420541648435e-01 -1.208545386072942263e-01
4.084232928327162782e-01 -9.334572453609146780e-02
4.315275960831850277e-01 -6.576153905282189349e-02
4.546235061835452451e-01 -3.812431948635408574e-02
4.777044819022316924e-01 -1.045630294147770201e-02
5.007641193843144212e-01 1.722048907431594778e-02
5.237954976885355052e-01 4.488201220381982104e-02
5.467932168117642933e-01 7.250917549154367592e-02
5.697515131223466200e-01 1.000814184311832333e-01
5.926649024028336488e-01 1.275789135348462944e-01
6.155282080715411830e-01 1.549826757685662804e-01
6.383365862552073944e-01 1.822746628580388384e-01
6.610855474039047941e-01 2.094378651925743462e-01
6.837709741949477005e-01 2.364563842210867239e-01
7.063891355309174225e-01 2.633154984159494783e-01
7.289366964978747365e-01 2.900017160744955413e-01
7.514107242112971763e-01 3.165028144301406110e-01
7.738086895383902153e-01 3.428078647513996824e-01
7.961284647452240293e-01 3.689072433135904827e-01
8.183683171744368101e-01 3.947926283310529971e-01
8.405268991128079792e-01 4.204569831339268760e-01
8.626032340579153912e-01 4.458945260595391646e-01
8.845972116617337733e-01 4.711025248810849497e-01
9.065079227791662531e-01 4.960753500296026797e-01
9.283354094344374863e-01 5.208107481364354641e-01
9.500799963052100061e-01 5.453074717395529625e-01
9.731702056496644992e-01 5.747485739395725712e-01
9.967424592732405664e-01 6.060330397190264451e-01
1.020245209929675045e+00 6.371627880062190608e-01
1.043673272468203628e+00 6.681170224881047837e-01
1.067021906998488312e+00 6.988763457362059395e-01
1.090286837389522923e+00 7.294228489160912154e-01
1.113464265006154141e+00 7.597401853597356425e-01
1.136550877863752751e+00 7.898136283287908732e-01
1.159543854988398959e+00 8.196301118459923263e-01
1.182440866234915955e+00 8.491782551815165725e-01
1.205240067758446276e+00 8.784483713847802688e-01
1.227940093385825548e+00 9.074324604545811468e-01
1.250540042177676892e+00 9.361241879238874075e-01
1.273039462509468756e+00 9.645188497976751041e-01
1.295438333030071609e+00 9.926133249208367593e-01
1.317737040879042532e+00 1.020406015967075142e+00
1.339936357559298630e+00 1.047896780328004818e+00
1.362037412869642861e+00 1.075086852244289792e+00
1.384041667302817746e+00 1.101978757557824373e+00
1.405950883309060595e+00 1.128576222476675994e+00
1.427767095813577969e+00 1.154884077734041892e+00
1.449492582208297353e+00 1.180908158907107763e+00
1.471129832005649618e+00 1.206655203554726441e+00
1.492681518019650877e+00 1.232132752364377692e+00
1.514150467137610478e+00 1.257349046860321451e+00
1.535539632123816833e+00 1.282312929243991206e+00
1.556852064548092995e+00 1.307033744788523411e+00
1.578090888995994368e+00 1.331521247468522740e+00
1.599226125146175237e+00 1.355788515829797092e+00
1.619169018888197309e+00 1.379939364225107434e+00
1.638517430075373760e+00 1.403749360387905876e+00
1.657829472702939455e+00 1.427088889351677548e+00
1.677104434467805438e+00 1.449969533424510626e+00
1.696341777913652926e+00 1.472402804017095113e+00
1.715541128369230339e+00 1.494400081534432267e+00
1.734702261463830775e+00 1.515972561628275983e+00
1.753825090376705420e+00 1.537131207701202040e+00
1.772909652961338400e+00 1.557886709482476872e+00
1.791956098868714431e+00 1.578249447435565278e+00
1.810964676776057214e+00 1.598229462707209558e+00
1.829935721810029392e+00 1.617836432288038306e+00
1.848869643235598881e+00 1.637079649024338668e+00
1.867766912464702722e+00 1.655968006099103773e+00
1.886628051422039265e+00 1.674509985587058880e+00
1.905453621289302291e+00 1.692713650682018178e+00
1.924244211633804547e+00 1.710586641194507207e+00
1.943000429912511651e+00 1.728136171921735631e+00
1.961722891327561280e+00 1.745369033498951783e+00
1.980412208993926226e+00 1.762291595348355111e+00
1.999068984361313861e+00 1.778909810345183473e+00
2.017693797808259859e+00 1.795229220812295523e+00
2.036474626783298270e+00 1.811687029482332179e+00
2.055296410257791084e+00 1.827998882928586033e+00
2.074054960943419346e+00 1.843928427548916282e+00
2.092749467237320360e+00 1.859482707188969908e+00
2.111379177948988328e+00 1.874668619868160357e+00
2.129943406245262238e+00 1.889492928385803294e+00
2.148441533509285684e+00 1.903962269516003891e+00
2.166873013104276158e+00 1.918083161900477229e+00
2.185237374030506885e+00 1.931862012735741985e+00
2.203534224461824120e+00 1.945305123340013154e+00
2.221763255146131488e+00 1.958418693676189815e+00
2.239924242652771902e+00 1.971208825899867900e+00
2.258017052448110462e+00 1.983681526995382471e+00
2.276041641779477764e+00 1.995842710558032307e+00
2.293998062346796374e+00 2.007698197776917048e+00
2.311886462740149639e+00 2.019253717670012271e+00
2.329707090621371268e+00 2.030514906621063265e+00
2.347734174694387388e+00 2.041921890985412880e+00
2.365760646649933907e+00 2.053129718308820628e+00
2.383747024335519438e+00 2.064076808065361313e+00
2.401689916393026980e+00 2.074760476634148088e+00
2.419587989147510054e+00 2.085181374926822429e+00
2.437438393084079724e+00 2.095338064803675238e+00
2.455237957288364470e+00 2.105228912283990006e+00
2.472983173626700282e+00 2.114852102726481498e+00
2.491052491370111976e+00 2.123969468996595111e+00
2.510641789598099471e+00 2.131867439786591323e+00
2.530352683533102720e+00 2.139598256282054134e+00
2.550011684525522071e+00 2.147284413753880905e+00
2.569615245414161642e+00 2.154920605322350635e+00
2.589159606482210663e+00 2.162501187408861991e+00
2.608640798974749764e+00 2.170020180668663645e+00
2.628054649979858493e+00 2.177471272820085346e+00
2.647396788878394691e+00 2.184847823680910128e+00
2.666662655625188449e+00 2.192142872808592546e+00
2.685847512640814561e+00 2.199349152219927994e+00
2.704946453585558519e+00 2.206459095056249708e+00
2.723954418880900619e+00 2.213464853675457977e+00
2.742866214174117800e+00 2.220358322092194303e+00
2.761676530209530966e+00 2.227131160718394121e+00
2.780379965523559260e+00 2.233774825401024788e+00
2.798971052070185372e+00 2.240280600976427561e+00
2.817444283853588249e+00 2.246639639521046838e+00
2.835794148608332677e+00 2.252843003431893809e+00
2.854015162527635319e+00 2.258881713414791825e+00
2.872101907994500269e+00 2.264746801396245957e+00
2.890049074221466174e+00 2.270429368304423434e+00
2.907851500651163157e+00 2.275920646588009078e+00
2.925505717399798922e+00 2.281214176918745729e+00
2.943005934951794078e+00 2.286300162168439787e+00
2.960347785521614927e+00 2.291170734123159747e+00
2.977527264566155907e+00 2.295818472587733083e+00
2.994540783173051057e+00 2.300236486057869012e+00
3.011385222505001735e+00 2.304418496475421296e+00
3.028057991894470558e+00 2.308358930409899035e+00
3.044557095393825019e+00 2.312053023667418827e+00
3.060881175959969003e+00 2.315496895172519665e+00
3.077029569399814868e+00 2.318687635946431236e+00
3.093002356163472299e+00 2.321623396196174749e+00
3.108800410279492166e+00 2.324303469446859172e+00
3.124425444717821687e+00 2.326728372616969853e+00
3.139880052469539606e+00 2.328899920919348610e+00
3.155167742646757922e+00 2.330821296471275339e+00
3.170292970933245691e+00 2.332497109515712985e+00
3.185261163756106573e+00 2.333933451193216158e+00
3.200078735600010216e+00 2.335137936861249486e+00
3.214753098816588217e+00 2.336119738836160753e+00
3.232242303215671964e+00 2.341252571914190117e+00
3.251231232438205776e+00 2.348616950398336733e+00
3.271191796894642678e+00 2.355184696156059854e+00
3.295292380371397378e+00 2.359202090031702337e+00
3.319749654211998191e+00 2.363299498721801672e+00
3.344136973154200998e+00 2.367750999579782523e+00
3.368454441156468526e+00 2.372545534708836890e+00
3.392702725026996546e+00 2.377672229181852614e+00
3.416883058009180463e+00 2.383120510347624066e+00
3.440997235861286363e+00 2.388880227513096255e+00
3.465047605761577554e+00 2.394941770881140464e+00
3.489037048410792430e+00 2.401296188617163541e+00
3.512968953738826450e+00 2.407935300912213972e+00
3.536847190653184203e+00 2.414851809906739977e+00
3.560676071295431733e+00 2.422039404339291213e+00
3.584460310299048658e+00 2.429492857790542359e+00
3.608204979566963289e+00 2.437208119407926254e+00
3.631915459113210787e+00 2.445182396020632698e+00
3.655597384536128036e+00 2.453414224592735948e+00
3.679256591714568536e+00 2.461903534013642592e+00
3.702899059338636611e+00 2.470651695293162753e+00
3.726530849906933174e+00 2.479661559312468011e+00
3.750157396065407323e+00 2.488935378727916259e+00
3.773785501107966844e+00 2.498481281893965011e+00
3.797421137069349584e+00 2.508306740546798252e+00
3.821070091315187156e+00 2.518420623693824467e+00
3.844737936727391059e+00 2.528833245293567344e+00
3.868429981109600568e+00 2.539556328509104510e+00
3.892151216751455145e+00 2.550602947054316338e+00
3.915906272786049858e+00 2.561987449899600477e+00
3.939699371407043849e+00 2.573725371391146766e+00
3.968595380245749649e+00 2.585183829045411663e+00
4.021477785430909613e+00 2.595667881946120303e+00
4.074061437473609715e+00 2.611130603736497413e+00
4.123176970035925315e+00 2.631542162383981420e+00
4.169300690140421928e+00 2.656355348477465128e+00
4.212862818819225197e+00 2.685188174674574491e+00
4.254236324244805800e+00 2.717776383033605914e+00
4.293737334797032013e+00 2.753938645857398004e+00
4.331630518615661174e+00 2.793551783612794992e+00
4.368136065190842743e+00 2.836533344780508781e+00
4.403436678109831526e+00 2.882829411652889640e+00
4.437683908883067296e+00 2.932406054805454687e+00
4.471003617447865786e+00 2.985243318605909746e+00
4.500309985039192995e+00 3.039698630724305239e+00
4.521148703347465769e+00 3.092282571343313968e+00
4.541487086479123469e+00 3.144542973886361725e+00
4.560168609829859498e+00 3.204157679834828354e+00
4.577657331730597967e+00 3.269093814098795736e+00
4.595035339608711134e+00 3.334181606791064567e+00
4.612310003308680351e+00 3.399402802238064236e+00
4.629488915807270288e+00 3.464737643450051419e+00
4.646579856083926430e+00 3.530164965453736148e+00
4.663590751558226444e+00 3.595662293930082853e+00
4.680529640270280289e+00 3.661205948808309518e+00
4.697404632987487894e+00 3.726771152421121336e+00
4.714223875428265487e+00 3.792332141775731191e+00
4.730995510799967718e+00 3.857862284442526324e+00
4.747727642853270424e+00 3.923334197509872112e+00
4.764428299659200228e+00 3.988719869002265384e+00
4.781105398992634647e+00 4.053990777285094715e+00
4.797766714713308289e+00 4.119118012060193124e+00
4.814419842662593929e+00 4.184072406058430005e+00
4.831072169537486083e+00 4.248824658462706516e+00
4.847730843502150222e+00 4.313345457017611295e+00
4.864710221701190385e+00 4.377741776626249859e+00
4.883599678002360278e+00 4.442781425364853654e+00
4.902757840491005936e+00 4.508258595392243606e+00
4.921852663126347061e+00 4.574089456263816800e+00
4.940889423279434922e+00 4.640246262118048470e+00
4.959873467836314553e+00 4.706702015128461092e+00
4.978810185575248681e+00 4.773430556881224085e+00
4.997704977392229964e+00 4.840406667973234711e+00
5.016563233702111546e+00 4.907606123322768354e+00
5.035390310096375721e+00 4.975005755699703158e+00
5.054191501118887153e+00 5.042583527713482283e+00
5.072972017093457353e+00 5.110318585018832849e+00
5.091736962263672339e+00 5.178191301388691770e+00
5.110491314349832059e+00 5.246183315660164936e+00
5.129239905610847750e+00 5.314277560629149022e+00
5.147987405481853962e+00 5.382458284033079465e+00
5.166738304842076523e+00 5.450711061818986458e+00
5.185496901951505144e+00 5.519022803944528377e+00
5.204267290079974906e+00 5.587381753003096918e+00
5.223053346838701039e+00 5.655777476000627857e+00
5.241858725211009151e+00 5.724200849641150946e+00
5.260686846267739192e+00 5.792644039501541720e+00
5.279540894041290677e+00 5.861100471034980330e+00
5.298423811498147451e+00 5.929564797955736211e+00
5.317338297899441457e+00 5.998032866660734541e+00
5.336286807971432289e+00 6.066501674789001264e+00
5.355271552558282799e+00 6.134969325704573428e+00
5.374294500692313292e+00 6.203434979331770904e+00
5.393357383008261507e+00 6.271898799783472533e+00
5.412461696415932444e+00 6.340361900251524574e+00
5.431608709923556155e+00 6.408826285702132530e+00
5.450521949679881573e+00 6.477018851721645376e+00
5.468856507628161445e+00 6.544366891016364818e+00
5.487241397925297193e+00 6.610992502732458753e+00
5.505700928228003832e+00 6.676903498244655566e+00
5.524232465679165038e+00 6.742104872146284400e+00
5.542833278341889880e+00 6.806602130779842774e+00
5.561500554168064880e+00 6.870401228014421768e+00
5.580231420413782395e+00 6.933508495514266734e+00
5.599022967534852846e+00 6.995930546596924593e+00
5.617872784564255539e+00 7.057671567506339727e+00
5.636777415356343468e+00 7.118741136487289012e+00
5.655733899266567555e+00 7.179146513537260077e+00
5.674739289178864610e+00 7.238895050108423490e+00
5.693790663797056339e+00 7.297994134438038571e+00
5.712100197413115588e+00 7.360713817327694919e+00
5.729680501664387471e+00 7.427152952035090294e+00
5.747485553157278382e+00 7.488803026618670700e+00
5.764069048576115684e+00 7.544687221137003519e+00
5.780698273840179979e+00 7.595829878485639952e+00
5.797324414413793647e+00 7.642669748175821454e+00
5.813770501616961184e+00 7.685560902331203259e+00
5.829866017164541780e+00 7.724839860080263243e+00
5.845814854503770697e+00 7.760906480492863579e+00
5.862020178871189202e+00 7.794345346350234571e+00
5.877557599476808115e+00 7.831564167738035209e+00
5.892742602546671371e+00 7.866837948139573378e+00
5.907527078204313220e+00 7.900195905628641491e+00
5.921857696449890796e+00 7.931673554954167038e+00
5.935675671493248373e+00 7.961314441853436286e+00
5.948916792257994857e+00 7.989172290836101809e+00
5.961511905826516688e+00 8.015313617167429072e+00
5.973388126797147812e+00 8.039820818464118446e+00
5.984471155787803198e+00 8.062795683559931703e+00
5.994689216930829012e+00 8.084363108526369857e+00
6.003979240111307014e+00 8.104674555935336144e+00
6.012295955851146623e+00 8.123910397188630839e+00
6.019624419476909516e+00 8.142279726773079318e+00
6.025995948670674451e+00 8.160015596992790776e+00
6.031506319870080901e+00 8.177363122357306224e+00
6.036333195639379312e+00 8.194558030196263942e+00
6.040747400332003636e+00 8.211794710832972299e+00
6.045213790576612567e+00 8.229091742309044832e+00
6.058924982298716344e+00 8.237208885320509211e+00
6.078426829734176806e+00 8.238936247155066894e+00
6.097835119382595259e+00 8.240685687982052698e+00
6.117147127875226076e+00 8.242450720533161856e+00
6.136358324219013838e+00 8.244222940288427282e+00
6.155467210662487254e+00 8.245996536685973766e+00
6.174470349306890427e+00 8.247763658689024169e+00
6.193364131983146947e+00 8.249516024273990666e+00
6.212144829558062575e+00 8.251244952087006368e+00
6.230808642592736923e+00 8.252941397849250293e+00
6.249351751998888815e+00 8.254595994370557577e+00
6.267770365783606579e+00 8.256199091245511212e+00
6.286060795110550714e+00 8.257740828835025582e+00
6.304219516830136705e+00 8.259211203941791979e+00
6.322243239018940031e+00 8.260600143882923518e+00
6.340128968938610221e+00 8.261897588788601254e+00
6.357874082722536180e+00 8.263093581796727705e+00
6.375476396001665158e+00 8.264178366645733576e+00
6.392934234595971432e+00 8.265142491991166906e+00
6.410246504318194205e+00 8.265976921598161553e+00
6.427412758876169363e+00 8.266673149385034947e+00
6.444433264813309137e+00 8.267223318124981901e+00
6.461309062396636271e+00 8.267620340455895445e+00
6.478042021356787750e+00 8.267858020702346877e+00
6.494634799668273395e+00 8.267931065015131864e+00
6.511090880823868332e+00 8.267835186728236252e+00
6.527415096980355713e+00 8.267567825932596648e+00
6.543613113950583760e+00 8.267127603246677836e+00
6.559691561628037348e+00 8.266514557046370726e+00
6.575658055026662119e+00 8.265730253222852042e+00
6.591521193518287802e+00 8.264777870929281178e+00
6.607290545398691428e+00 8.263662271493359412e+00
6.622976618042433650e+00 8.262390049243080625e+00
6.640132818623049715e+00 8.263077606883815207e+00
6.660570397909039819e+00 8.268303646927840589e+00
6.680678807133411112e+00 8.273175614156192736e+00
6.700499396400621421e+00 8.277734452247241137e+00
6.720065472086527159e+00 8.282012062604794167e+00
6.739404282490838227e+00 8.286033547430911028e+00
6.757366797207525089e+00 8.289982356732414459e+00
6.775001399761108267e+00 8.296712750879825293e+00
6.794049713967709181e+00 8.305551682207186204e+00
6.812921812097011198e+00 8.314117011909374355e+00
6.831616797056724089e+00 8.322408838166992950e+00
6.850133674959185903e+00 8.330427123572137660e+00
6.868471390709867563e+00 8.338171747945933632e+00
6.886628869455702073e+00 8.345642569056366256e+00
6.904605063244481755e+00 8.352839490189095883e+00
6.922399002155127157e+00 8.359762533418907182e+00
6.940009849088473182e+00 8.366411917332328585e+00
6.957436957338423156e+00 8.372788137878401926e+00
6.974679930010775131e+00 8.378892050965292881e+00
6.991738680316695209e+00 8.384724955380443490e+00
7.008613491737983203e+00 8.390288674593636031e+00
7.025305077047544700e+00 8.395585636003104923e+00
7.041814635170320358e+00 8.400618946205865356e+00
7.058143904883637632e+00 8.405392460917493480e+00
7.074295214386767228e+00 8.409910848230248703e+00
7.090271525816606690e+00 8.414179643981690049e+00
7.106076473844435526e+00 8.418205298111592683e+00
7.121714397565838794e+00 8.421995211005990356e+00
7.137190364981494284e+00 8.425557758968714950e+00
7.152510189470996593e+00 8.428902308113482178e+00
7.167680437768976454e+00 8.432039216141340887e+00
7.182708429079900370e+00 8.434979821643754150e+00
7.197602225092141204e+00 8.437736420762563583e+00
7.212370610791501768e+00 8.440322231227648686e+00
7.227023066111117444e+00 8.442751343989167268e+00
7.241569728595354860e+00 8.445038662854123857e+00
7.256021347395559928e+00 8.447199832724917812e+00
7.270389229050833180e+00 8.449251157218153452e+00
7.284685175635837950e+00 8.451209506611721878e+00
7.298921415981084238e+00 8.453092217221165328e+00
7.313110530780079444e+00 8.454916983444631384e+00
7.327265372496372997e+00 8.456701743832001128e+00
7.341398981065822227e+00 8.458464562629064432e+00
7.355524496457097605e+00 8.460223508317165297e+00
7.369759141183382489e+00 8.461924826683125289e+00
7.384475191588072640e+00 8.463342461155033192e+00
7.399291530639810155e+00 8.464784281317367487e+00
7.414167470216293410e+00 8.466306170003349507e+00
7.429113589826140007e+00 8.467922713596877315e+00
7.444142943401936385e+00 8.469651913040603830e+00
7.459266431557528776e+00 8.471508853450684384e+00
7.474494299843211564e+00 8.473507750292919027e+00
7.489836093363491543e+00 8.475661885105607141e+00
7.505300607109013811e+00 8.477983535165625639e+00
7.520895841952452976e+00 8.480483910734969655e+00
7.536628966925094097e+00 8.483173100757102958e+00
7.552506291403438432e+00 8.486060032016480292e+00
7.568533248110791867e+00 8.489152443049244212e+00
7.584714382412880873e+00 8.492456866637169810e+00
7.601053350379674001e+00 8.495978624315238648e+00
7.617552925344166503e+00 8.499721832559748336e+00
7.634215012576501813e+00 8.503689420168862867e+00
7.651040671587646003e+00 8.507883156207416420e+00
7.668030145491971261e+00 8.512303687758180359e+00
7.685182896776650452e+00 8.516950586616648167e+00
7.702497648765629812e+00 8.521822403974955051e+00
7.719972432018796127e+00 8.526916732070121796e+00
7.737604634869440723e+00 8.532230271725241622e+00
7.755391057291761037e+00 8.537758904677918537e+00
7.773327967278497397e+00 8.543497769586046786e+00
7.791411158925398261e+00 8.549441340605472561e+00
7.809636011435406644e+00 8.555583507465538418e+00
7.827997548296372621e+00 8.561917656006876598e+00
7.846490495923848840e+00 8.568436748208231535e+00
7.865109341117771713e+00 8.575133400796181249e+00
7.883848386742902115e+00 8.581999961611677108e+00
7.902701805103805377e+00 8.589028582999434391e+00
7.921490714704251701e+00 8.596330206018564013e+00
7.940091014987138429e+00 8.603972344956725138e+00
7.958781494396685474e+00 8.611741533868773502e+00
7.977561068747467843e+00 8.619626341010608428e+00
7.996424172670664632e+00 8.627618738546610544e+00
8.015365341538268851e+00 8.635710866284554754e+00
8.034379240679431433e+00 8.643895071263738572e+00
8.053460690762609175e+00 8.652163941841688910e+00
8.072604689394802691e+00 8.660510336387163832e+00
8.091806429039557713e+00 8.668927406750695397e+00
8.111061311396751350e+00 8.677408616740819980e+00
8.130364958419923127e+00 8.685947755883487886e+00
8.149713220181050488e+00 8.694538948776827425e+00
8.169102179811732256e+00 8.703176660385729235e+00
8.188528155767240690e+00 8.711855697640915608e+00
8.207987701674619885e+00 8.720571207717446427e+00
8.227477604026610436e+00 8.729318673376605275e+00
8.246994877985656558e+00 8.738093905752357671e+00
8.266536761564388769e+00 8.746893034952337942e+00
8.286100708430904405e+00 8.755712498838203572e+00
8.305684379586438126e+00 8.764549030326278967e+00
8.325285634145931368e+00 8.773399643531609726e+00
8.344902519433549770e+00 8.782261619057566193e+00
8.364533260595377939e+00 8.791132488702739778e+00
8.384176249906346357e+00 8.800010019835506014e+00
8.403830035933376408e+00 8.808892199656956024e+00
8.423493312699060098e+00 8.817777219544844058e+00
8.443164910374074239e+00 8.826663461551010670e+00
8.462843784689244586e+00 8.835549483238255064e+00
8.482529004536591088e+00 8.844434000153913900e+00
8.502219742467266528e+00 8.853315872302799150e+00
8.521917003236826105e+00 8.862192858881245527e+00
8.541918177972290138e+00 8.870852662531248711e+00
8.562142811800855569e+00 8.879360956402811311e+00
8.582370555084750663e+00 8.887880256828170289e+00
8.602600964489010238e+00 8.896409972867479254e+00
8.622833654418036176e+00 8.904949590158171446e+00
8.643068287047050546e+00 8.913498657672313641e+00
8.663304569985129433e+00 8.922056784747482538e+00
8.683542250956191921e+00 8.930623634066602534e+00
8.703781112932317043e+00 8.939198915232184461e+00
8.724020969754903376e+00 8.947782378971037787e+00
8.744261662205833119e+00 8.956373811934810192e+00
8.764503054502375434e+00 8.964973032051327451e+00
8.784745031179898689e+00 8.973579884387930861e+00
8.804987494331639297e+00 8.982194237484725008e+00
8.825230361174462246e+00 8.990815980117115913e+00
8.845473561910360161e+00 8.999445018448689382e+00
8.865718153990012951e+00 9.008082791796867994e+00
8.885962737884479878e+00 9.016727398718039410e+00
8.906207313532080505e+00 9.025378839191606772e+00
8.926451880871589140e+00 9.034037113196628610e+00
8.946696439841476334e+00 9.042702220712373062e+00
8.966940990380514620e+00 9.051374161717866684e+00
8.987185532427655943e+00 9.060052936192001027e+00
9.007430065921500528e+00 9.068738544113902122e+00
9.027674590800865317e+00 9.077430985462523694e+00
9.047919107004894101e+00 9.086130260216567223e+00
9.068163614472464218e+00 9.094836368354918932e+00
9.088408113142586231e+00 9.103549309856349581e+00
9.108652602954286692e+00 9.112269084699601507e+00
9.128897083847061111e+00 9.120995692863075988e+00
9.149141555759666034e+00 9.129729134325680562e+00
9.169386018631687563e+00 9.138469409065713478e+00
9.189630472402290806e+00 9.147216517061769636e+00
9.209874917010962392e+00 9.155970458292188141e+00
9.230119352397053945e+00 9.164731232735398692e+00
9.250363778500043210e+00 9.173498840369726182e+00
9.270608195259660178e+00 9.182273281173301882e+00
9.290852602615215616e+00 9.191054555124535952e+00
9.311097000506588728e+00 9.199842662201426435e+00
9.331341388873555687e+00 9.208637602382029996e+00
9.351585767655674175e+00 9.217439375644545407e+00
9.371830136792912214e+00 9.226247981966864131e+00
9.392074496225140123e+00 9.235063421326934474e+00
9.412318845892272634e+00 9.243885693702663886e+00
9.432563185734393230e+00 9.252714799071819485e+00
9.452807515691459272e+00 9.261550737412253653e+00
9.473051835703639512e+00 9.270393508701644691e+00
