0.000000000000000000e+00 0.000000000000000000e+00
5.878021244663719225e-01 -6.079729071822326247e-01
6.077905557397630387e-01 -5.887026239516552906e-01
6.274997490618090534e-01 -5.690994053209073034e-01
6.469301444319558447e-01 -5.491652017261355878e-01
6.660826035100025910e-01 -5.289024130751777131e-01
6.849584315768894038e-01 -5.083139091614296001e-01
7.035594034930487961e-01 -4.874030542474328542e-01
7.218877929512532710e-01 -4.661737350047965300e-01
7.399464042073020664e-01 -4.446303908837575536e-01
7.577386053762830143e-01 -4.227780458936196695e-01
7.752683623068349350e-01 -4.006223407065541142e-01
7.925402719925299655e-01 -3.781695639533647624e-01
8.095595944495779239e-01 -3.554266815617618258e-01
8.263322819841623090e-01 -3.324013629960334559e-01
8.428650047913265331e-01 -3.091020032913635029e-01
8.591651718698426476e-01 -2.855377398359832397e-01
8.752409463033838932e-01 -2.617184629383045857e-01
8.911012540460785392e-01 -2.376548193224592431e-01
9.067557854582275478e-01 -2.133582078220495615e-01
9.222149889636368503e-01 -1.888407666853292866e-01
9.374900563406010079e-01 -1.641153520627162132e-01
9.525928993113038645e-01 -1.391955074158063299e-01
9.675361192524900567e-01 -1.140954258883259964e-01
9.823329669613665160e-01 -8.882990245614919012e-02
9.969972918251046590e-01 -6.341427527609111436e-02
1.011543484328389031e+00 -3.786436052141484154e-02
1.025986411075209936e+00 -1.219637990303457098e-02
1.040341341082566817e+00 1.357312035670055206e-02
1.054623840036361671e+00 3.942738359658976011e-02
1.068849714320245781e+00 6.534950330167127452e-02
1.083034928919592632e+00 9.132251060319751534e-02
1.097195505717641684e+00 1.173294815592360041e-01
1.111347431996264845e+00 1.433536327446844894e-01
1.125506577012914455e+00 1.693784075047457538e-01
1.139690303321120535e+00 1.953857899498689377e-01
1.153912444171754093e+00 2.213615580624169743e-01
1.168187923669763428e+00 2.472904401378073214e-01
1.182531170814631105e+00 2.731577729604633409e-01
1.196956038837222014e+00 2.989495809621584010e-01
1.211475730868794898e+00 3.246526480884431298e-01
1.226102732889351898e+00 3.502545814696835236e-01
1.240848754786673558e+00 3.757438661242951672e-01
1.255724680228958334e+00 4.011099100633165881e-01
1.270740525916485897e+00 4.263430793152232501e-01
1.285905410633361834e+00 4.514347225442203460e-01
1.301227534372286332e+00 4.763771850913156580e-01
1.316714167656347856e+00 5.011638124225322732e-01
1.332371651034652160e+00 5.257889431197488861e-01
1.348205404585446132e+00 5.502478916941492271e-01
1.364219947124269083e+00 5.745369216384921263e-01
1.380417589654931332e+00 5.986545712751826231e-01
1.396802752954616533e+00 6.225972384769897783e-01
1.413377409509938509e+00 6.463638329536315341e-01
1.430142801993536938e+00 6.699540121531963877e-01
1.443324535880203596e+00 6.971964391914489134e-01
1.455176379855302793e+00 7.257927259050119817e-01
1.467152949262612083e+00 7.542661778313861642e-01
1.479269661662151680e+00 7.826019063417646304e-01
1.491540945774582072e+00 8.107861078564646551e-01
1.503980173039970225e+00 8.388061247201887838e-01
1.516599600770516920e+00 8.666504938843830885e-01
1.529410326703431133e+00 8.943089837170462575e-01
1.542422255819990040e+00 9.217726181944690955e-01
1.555644079048745132e+00 9.490336889868216108e-01
1.569083263612558898e+00 9.760857558023252611e-01
1.582746054629120325e+00 1.002923635499712862e+00
1.596637487438109737e+00 1.029543380609080128e+00
1.610761410006451344e+00 1.055942248014598350e+00
1.625120514658193072e+00 1.082118658648093090e+00
1.639716378288264220e+00 1.108072149119106786e+00
1.654549510150609137e+00 1.133803316264572647e+00
1.669619406260859140e+00 1.159313755639286292e+00
1.684924609422138619e+00 1.184605994988012556e+00
1.700462773868720578e+00 1.209683423741463315e+00
1.716230733525540897e+00 1.234550219563161244e+00
1.732224573330474637e+00 1.259211272520962321e+00
1.748439703142610213e+00 1.283672107375301241e+00
1.764870928942037231e+00 1.307938809194755470e+00
1.781512526803035179e+00 1.332017946897678717e+00
1.798358315536681351e+00 1.355916498753672705e+00
1.815401727683946032e+00 1.379641780136293683e+00
1.832635878347810721e+00 1.403201374003311575e+00
1.850029770382046079e+00 1.426573153543214456e+00
1.866788418619358625e+00 1.448773355729682466e+00
1.883326047079961318e+00 1.470161875192990131e+00
1.900033962615184091e+00 1.491157245347961124e+00
1.916901778500442521e+00 1.511764640476068733e+00
1.933919256833487532e+00 1.531989350831833185e+00
1.951076354558856529e+00 1.551836742142932657e+00
1.968363263772364924e+00 1.571312217924512256e+00
1.985770446478495765e+00 1.590421184688886047e+00
2.003288664026887211e+00 1.609169020082765522e+00
2.020909001497968482e+00 1.627561043939438123e+00
2.038622887342187884e+00 1.645602492193067867e+00
2.056422108603161991e+00 1.663298493567172187e+00
2.074298822072415671e+00 1.680654048918754251e+00
2.092245561733524717e+00 1.697674013094023104e+00
2.110255242856649893e+00 1.714363079130389433e+00
2.128321163101959623e+00 1.730725764622363272e+00
2.146437000983113741e+00 1.746766400055477231e+00
2.164596812030930462e+00 1.762489118901500396e+00
2.182795022983843314e+00 1.777897849258736507e+00
2.201026424317908514e+00 1.792996306811426743e+00
2.219286161416796688e+00 1.807787988867916251e+00
2.237569724677386240e+00 1.822276169212190267e+00
2.255592474150870608e+00 1.836842242456337759e+00
2.273543136614113891e+00 1.851244386113219065e+00
2.291574306646686487e+00 1.865274194543327546e+00
2.309679478297886668e+00 1.878934486800791781e+00
2.327852302112413341e+00 1.892228061345255341e+00
2.346086577917676941e+00 1.905157704761411219e+00
2.364376248790277302e+00 1.917726199698399414e+00
2.382715396102498051e+00 1.929936332075736782e+00
2.401098235559523619e+00 1.941790897593953735e+00
2.419519114146626126e+00 1.953292707580756016e+00
2.437972507912384401e+00 1.964444594197420013e+00
2.456453020519704822e+00 1.975249415025119859e+00
2.474955382500736878e+00 1.985710057046477406e+00
2.493474451155389460e+00 1.995829440034243563e+00
2.512005211035982732e+00 2.005610519356415100e+00
2.530542774962452945e+00 2.015056288204766233e+00
2.549082385514207516e+00 2.024169779252610102e+00
2.567379996438609258e+00 2.033408544701663878e+00
2.585630811169494336e+00 2.042420781908666605e+00
2.603868418930447515e+00 2.051141508063601737e+00
2.622093448126271653e+00 2.059566444353742920e+00
2.640304668213477868e+00 2.067694761238528134e+00
2.658501899900143073e+00 2.075523271895819644e+00
2.676684972797890527e+00 2.083048413242860164e+00
2.694853704365341773e+00 2.090266239826133798e+00
2.713447364949202800e+00 2.097410695152506666e+00
2.733861992735543645e+00 2.105264652045231166e+00
2.754506617316147210e+00 2.113154446668680908e+00
2.775188410349772816e+00 2.120991081080481955e+00
2.795910194148476080e+00 2.128768829909068572e+00
2.816674976336289049e+00 2.136481615354869135e+00
2.837485950800204826e+00 2.144123010702927878e+00
2.858346497680544385e+00 2.151686245964677280e+00
2.879260182234222754e+00 2.159164215981803192e+00
2.900230752358722075e+00 2.166549491418072293e+00
2.921262133522417148e+00 2.173834335417747621e+00
2.942358425647284559e+00 2.181010715536663369e+00
2.963523895201482183e+00 2.188070326230239449e+00
2.984762964997891732e+00 2.195004616064383018e+00
3.006080202703794502e+00 2.201804817294767069e+00
3.027480307040980367e+00 2.208461980040197226e+00
3.048968091539566494e+00 2.214967011252083839e+00
3.070548465728213383e+00 2.221310718636396064e+00
3.092226413665440710e+00 2.227483859629738383e+00
3.114006969744720354e+00 2.233477195469040222e+00
3.135895191737024579e+00 2.239281550323607206e+00
3.157896131070901724e+00 2.244887875380666920e+00
3.180014800389832086e+00 2.250287317690782274e+00
3.202255058694284173e+00 2.255473642582312088e+00
3.224622495788365573e+00 2.260436937623591991e+00
3.247121741852458499e+00 2.265169486094426254e+00
3.269757220692529387e+00 2.269664109861168733e+00
3.292533106070183013e+00 2.273914255082392533e+00
3.315453275524608667e+00 2.277914081736693852e+00
3.338521260454430095e+00 2.281658559524927465e+00
3.361740188798763906e+00 2.285143577808796511e+00
3.385112743146003744e+00 2.288366020816776647e+00
3.408641110649121231e+00 2.291323858851394668e+00
3.432326933500880362e+00 2.294016236687999921e+00
3.456171260540761736e+00 2.296443558020075493e+00
3.480174500589197528e+00 2.298607564782355173e+00
3.504336378121293727e+00 2.300511410177405125e+00
3.528655891898703434e+00 2.302159724244098982e+00
3.553131277175787250e+00 2.303558670839253697e+00
3.577759972083639717e+00 2.304715994956870517e+00
3.602538588771572403e+00 2.305641059382357305e+00
3.627462889956432068e+00 2.306344869558702104e+00
3.650224152420681545e+00 2.311576029164999824e+00
3.671827141360597846e+00 2.319235871176874131e+00
3.694696472011802069e+00 2.327391177054072280e+00
3.722193427220537032e+00 2.338058132429018166e+00
3.750174430649797497e+00 2.349290503266426633e+00
3.778188801717794920e+00 2.360855842607502364e+00
3.806246168823308018e+00 2.372748711534510502e+00
3.834356283333578475e+00 2.384964250056731849e+00
3.862528918054833671e+00 2.397498239868674830e+00
3.890773761624256810e+00 2.410347160796086463e+00
3.919100309959421047e+00 2.423508240656407686e+00
3.947517755926861049e+00 2.436979498292362489e+00
3.976034878413875706e+00 2.450759779564879004e+00
4.004659932005981915e+00 2.464848786116367929e+00
4.033400538486709763e+00 2.479247096740243350e+00
4.062263581384704558e+00 2.493956181219207036e+00
4.091255104792661079e+00 2.508978406523755478e+00
4.120380217674475709e+00 2.524317035297311218e+00
4.149643004855594342e+00 2.539976216593236469e+00
4.179046445859025738e+00 2.555960968875576000e+00
4.208592342700495870e+00 2.572277155346744948e+00
4.238281257693788717e+00 2.588931451725128952e+00
4.268113956304246948e+00 2.605929689148308359e+00
4.298086800817372044e+00 2.623281823618865527e+00
4.328196306537187787e+00 2.640996762938688125e+00
4.358437686360788987e+00 2.659083953617138008e+00
4.388804794579035828e+00 2.677553378890785041e+00
4.419290132536707993e+00 2.696415497033956665e+00
4.449884874210285446e+00 2.715681168353245134e+00
4.480578907593432803e+00 2.735361576280706419e+00
4.511360890644545485e+00 2.755468144516404649e+00
4.545645737821345733e+00 2.780263795048567133e+00
4.595191927550700939e+00 2.826744733445599955e+00
4.642943562801793433e+00 2.876995769013981352e+00
4.687341795703708236e+00 2.928257233974889129e+00
4.729098677018939156e+00 2.980668017604312769e+00
4.768760128005966159e+00 3.034409708574127507e+00
4.806741486841692890e+00 3.089673177825645212e+00
4.843357852108201911e+00 3.146641536718107091e+00
4.878848234480316570e+00 3.205482404817538988e+00
4.913394133813391740e+00 3.266345246056411078e+00
4.947133596005593326e+00 3.329361327528825409e+00
4.980171780555682659e+00 3.394644931980561608e+00
5.012588899516831731e+00 3.462295079498508787e+00
5.043443524628903774e+00 3.528344065598641333e+00
5.071433919593509643e+00 3.585979216559752381e+00
5.099098879494069259e+00 3.642814070774166524e+00
5.119210936259320555e+00 3.701685969295141820e+00
5.133762640525315391e+00 3.761980360881136853e+00
5.147772188059770215e+00 3.822049475789771833e+00
5.161259073662009200e+00 3.881890568656804597e+00
5.174244203875430159e+00 3.941500336698133378e+00
5.186749797594292666e+00 4.000874934220925105e+00
5.198799281859608712e+00 4.060009989412407094e+00
5.210417183234292260e+00 4.118900623384116777e+00
5.221629015191366463e+00 4.177541471433021236e+00
5.232461161996265986e+00 4.235926706461805580e+00
5.242940759613286872e+00 4.294050064480103401e+00
5.253095574214865948e+00 4.351904872086045373e+00
5.262953878918913198e+00 4.409484075805335301e+00
5.272544333072996636e+00 4.466780271814851488e+00
5.281895860659631126e+00 4.523785737325526135e+00
5.291037519195526784e+00 4.580492466894384940e+00
5.299998377281140094e+00 4.636892207180128622e+00
5.308807394156383808e+00 4.692976492546805822e+00
5.317603256204563422e+00 4.749113862700317767e+00
5.326981772960127870e+00 4.807333741942386496e+00
5.336381807196353577e+00 4.866158703186167500e+00
5.345709935187496598e+00 4.925259270902818010e+00
5.354992824240006222e+00 4.984626142498971291e+00
5.364256528600482632e+00 5.044250449600534481e+00
5.373526396508956360e+00 5.104123779819463635e+00
5.382826969057181721e+00 5.164238200767339748e+00
5.392181920988765143e+00 5.224586268139501222e+00
5.401613993509267964e+00 5.285161036399161461e+00
5.411144918830681938e+00 5.345956072060531916e+00
5.420795362507695003e+00 5.406965460223757347e+00
5.430584873473318197e+00 5.468183808179920113e+00
5.440531841821207415e+00 5.529606246179803897e+00
5.450653464313149676e+00 5.591228425480334607e+00
5.460965717526259589e+00 5.653046513799678152e+00
5.471483338496440751e+00 5.715057188326839288e+00
5.482219812662895819e+00 5.777257626442994898e+00
5.493187368873351240e+00 5.839645494320502728e+00
5.504396981171310266e+00 5.902218933572147996e+00
5.515858377054507322e+00 5.964976546126304235e+00
5.527580051867820643e+00 6.027917377505665364e+00
5.539569291352007596e+00 6.091040897889766548e+00
5.551832197009569647e+00 6.154346982819479450e+00
5.564373715596853565e+00 6.217835893121978152e+00
5.577197674597865529e+00 6.281508253472076753e+00
5.590306821969611484e+00 6.345365030199000778e+00
5.603702869755132099e+00 6.409407508496922645e+00
5.617386541145871881e+00 6.473637269195927857e+00
5.631357620544317655e+00 6.538056165253858687e+00
5.645615006102916666e+00 6.602666298147181756e+00
5.660070065472924128e+00 6.666983769299398510e+00
5.674611805356508221e+00 6.730172656647016360e+00
5.689431313795142664e+00 6.792828545561200748e+00
5.704533979768229734e+00 6.854976392777536454e+00
5.719914161402508412e+00 6.916616415471542823e+00
5.735565724097049234e+00 6.977749000887716768e+00
5.751482105625912666e+00 7.038374690655502697e+00
5.767656386235059607e+00 7.098494162737821078e+00
5.784081383851391145e+00 7.158108204054261847e+00
5.800752267597801826e+00 7.217216819768111691e+00
5.817659014398166129e+00 7.275821805891828475e+00
5.834793856587948468e+00 7.333924228430763748e+00
5.852148954064791297e+00 7.391525210833626680e+00
5.869716447779444124e+00 7.448625917302344135e+00
5.883404452408267815e+00 7.506679096160802089e+00
5.893133664337519839e+00 7.565745096036176953e+00
5.906377188046552540e+00 7.622180782520255882e+00
5.921994328484355918e+00 7.673515731468212309e+00
5.939627673026435239e+00 7.721299601367267229e+00
5.958872846182313054e+00 7.765709492345072462e+00
5.979334728158137047e+00 7.806769181090901455e+00
6.000636625697217674e+00 7.844499254002254673e+00
6.022685205141735665e+00 7.879363401873177075e+00
6.045491168899561174e+00 7.912185154080805027e+00
6.063052960976190064e+00 7.945373523470380839e+00
6.080486316904673672e+00 7.976339230869852415e+00
6.097741878152623585e+00 8.005055220940924698e+00
6.114762223045346445e+00 8.031493065923417163e+00
6.131480246973040948e+00 8.055623628698310057e+00
6.147817317607348286e+00 8.077418163097075166e+00
6.163681254579999269e+00 8.096850038568947028e+00
6.178964256760895779e+00 8.113897333312865001e+00
6.193541022743127122e+00 8.128546596593338336e+00
6.207267501422116140e+00 8.140798116721354560e+00
6.219980987305415709e+00 8.150673004661122434e+00
6.231502639437902502e+00 8.158222241595503021e+00
6.241643904345476557e+00 8.163537432301056995e+00
6.250218611653408196e+00 8.166762224838109319e+00
6.257062374188415710e+00 8.168102121289507522e+00
6.262059877376795924e+00 8.167828845614016231e+00
6.265178186437027286e+00 8.166274133743323560e+00
6.266645527046080133e+00 8.163856714974771833e+00
6.280120612626484800e+00 8.164529571154819365e+00
6.302146887618016002e+00 8.167092914301253614e+00
6.324229411478312635e+00 8.169656796126107068e+00
6.346372440662157111e+00 8.172215614488710145e+00
6.368580988200821302e+00 8.174761243173987779e+00
6.390859337312765120e+00 8.177289479810182726e+00
6.413212568245898026e+00 8.179793421571245560e+00
6.435646049358511256e+00 8.182265802679301814e+00
6.458165434356992307e+00 8.184699052933334329e+00
6.480776656097108734e+00 8.187085359783329963e+00
6.503485917259365756e+00 8.189416732206732163e+00
6.526299679343558147e+00 8.191685061038642246e+00
6.549224636629430663e+00 8.193882221833536761e+00
6.572267690565182008e+00 8.196000161855717892e+00
6.595435918388368179e+00 8.198030993874430905e+00
6.618736535832627332e+00 8.199967096167323888e+00
6.642176853860181751e+00 8.201801217968213820e+00
6.665764229456864420e+00 8.203526589427221793e+00
6.689506010637055411e+00 8.205137034989686384e+00
6.713409475916081171e+00 8.206627088944213000e+00
6.737481768630676271e+00 8.207992111749611297e+00
6.761729826610569205e+00 8.209228405625838221e+00
6.786160307824895987e+00 8.210333327789514968e+00
6.810779512751294007e+00 8.211305399637153002e+00
6.835593354984909276e+00 8.212144276117600228e+00
6.860607288633798539e+00 8.212850830691085235e+00
6.885825946722632374e+00 8.213427968173604654e+00
6.911253356737288023e+00 8.213879905612257559e+00
6.936892800390006997e+00 8.214212403851163913e+00
6.962746729086225272e+00 8.214432840631440413e+00
6.988816689284461425e+00 8.214550252804130537e+00
7.015103255099316648e+00 8.214575357420299540e+00
7.041605969362508155e+00 8.214520551297235684e+00
7.067268677153314194e+00 8.216789325862331239e+00
7.090763781971551438e+00 8.224239621549870094e+00
7.114523086542761554e+00 8.231298333796548405e+00
7.138531807653583527e+00 8.238021744682463066e+00
7.162778971065830724e+00 8.244454649077118447e+00
7.187256461784682138e+00 8.250633195801302833e+00
7.211179457155380668e+00 8.255624324276617187e+00
7.232512766730305742e+00 8.261712561630893958e+00
7.252708621734806904e+00 8.270068833266122965e+00
7.273035051024312025e+00 8.278125151975109119e+00
7.293491521025775803e+00 8.285880789943442792e+00
7.314077567191556106e+00 8.293334867735202565e+00
7.334792766052355084e+00 8.300486411522291164e+00
7.355636703358170436e+00 8.307334419338635811e+00
7.376608938889980926e+00 8.313877935273835007e+00
7.397708968569918220e+00 8.320116130388987230e+00
7.418936184546911505e+00 8.326048389028210650e+00
7.440289833963447563e+00 8.331674399102121598e+00
7.461768977134209280e+00 8.336994244844341040e+00
7.483372445881856017e+00 8.342008500487251510e+00
7.505098802776140055e+00 8.346718323268188300e+00
7.526946302014975387e+00 8.351125544165711290e+00
7.548912852668896889e+00 8.355232754777778936e+00
7.570995984978930338e+00 8.359043388787522844e+00
7.593192820358225958e+00 8.362561796520784796e+00
7.615500045699278076e+00 8.365793311182144976e+00
7.637913892526025705e+00 8.368744305459154376e+00
7.660430121463959630e+00 8.371422237311836767e+00
7.683044012421509805e+00 8.373835683909440775e+00
7.705750360796064236e+00 8.375994362843236729e+00
7.728543479922699078e+00 8.377909139922756765e+00
7.751417209895398841e+00 8.379592023060736139e+00
7.774364932787152682e+00 8.381056141955022909e+00
7.797379594200998909e+00 8.382315713491438558e+00
7.820453730982709573e+00 8.383385993007978598e+00
7.843579504828987581e+00 8.384283211779100853e+00
7.866748741432585845e+00 8.385024501294140009e+00
7.889952974716904599e+00 8.385627805111486310e+00
7.913183495630052633e+00 8.386111779266562039e+00
7.936431404897616559e+00 8.386495682395022300e+00
7.959687669068050475e+00 8.386799256896109611e+00
7.982943179133223488e+00 8.387042602604703134e+00
8.006188810965310765e+00 8.387246044559411473e+00
8.029415486784797551e+00 8.387429996547583144e+00
8.052732262076210290e+00 8.387671346018928276e+00
8.076538038939924391e+00 8.388189276483640100e+00
8.100377620686982638e+00 8.388808811574646640e+00
8.124182267303030613e+00 8.389522655761012970e+00
8.147944636363368076e+00 8.390347264357908230e+00
8.171655665560660253e+00 8.391302942873901216e+00
8.195307741108017296e+00 8.392406674075575168e+00
8.218893674826084350e+00 8.393674438602660715e+00
8.242406737117541127e+00 8.395121143527292773e+00
8.265840693044044230e+00 8.396760544173236696e+00
8.289189834670265711e+00 8.398605174630473513e+00
8.312449009230505226e+00 8.400666287933953313e+00
8.335613640590906925e+00 8.402953811556233887e+00
8.358679743344231028e+00 8.405476319641779881e+00
8.381643932618368709e+00 8.408241014983669714e+00
8.404503427863824427e+00 8.411253724598864778e+00
8.427256050774044382e+00 8.414518908502339301e+00
8.449900217570490923e+00 8.418039681105518923e+00
8.472434925953557183e+00 8.421817844504237982e+00
8.494859737090312279e+00 8.425853932783102351e+00
8.517174753060324122e+00 8.430147266340092926e+00
8.539380590229981749e+00 8.434696015137385317e+00
8.561478349063134985e+00 8.439497269708320815e+00
8.583469580897439499e+00 8.444547118694726962e+00
8.605356252239852566e+00 8.449840731661771187e+00
8.627140707132499031e+00 8.455372445925306124e+00
8.648825628144670929e+00 8.461135856143327416e+00
8.670413996527456035e+00 8.467123905452867305e+00
8.691909052054812790e+00 8.473328976988298677e+00
8.713314253039719404e+00 8.479742984680893159e+00
8.734633236984485904e+00 8.486357462322629885e+00
8.755869782285628844e+00 8.493163649970139062e+00
8.777027771364263486e+00 8.500152576863483134e+00
8.797916635537585961e+00 8.507221881901461558e+00
8.818407396636448681e+00 8.514292964300995692e+00
8.838824183007766067e+00 8.521500452288611527e+00
8.859176352739627447e+00 8.528837691060134674e+00
8.879468075457205956e+00 8.536295846946975630e+00
8.899703425972646187e+00 8.543866257346346416e+00
8.919886364608899498e+00 8.551540475817416720e+00
8.940020720370860374e+00 8.559310311106262503e+00
8.960110176896119327e+00 8.567167860197846707e+00
8.980158261087849425e+00 8.575105535568731341e+00
9.000168334303841888e+00 8.583116086878469275e+00
9.020143585949162102e+00 8.591192617390575492e+00
9.040087029307075639e+00 8.599328595461027902e+00
9.060001499424402027e+00 8.607517861464732079e+00
9.079889652858694760e+00 8.615754630555787941e+00
9.099753969093148598e+00 8.624033491675199059e+00
9.119596753417624768e+00 8.632349403224681694e+00
9.139420141077740922e+00 8.640697685826069119e+00
9.159226102504909761e+00 8.649074012581952076e+00
9.179016449435478009e+00 8.657474397235047192e+00
9.198792841747518878e+00 8.665895180611162374e+00
9.218556794850732317e+00 8.674333015706976013e+00
9.238309687473760690e+00 8.682784851757295641e+00
9.258052769714769425e+00 8.691247917592836103e+00
9.277787171226929530e+00 8.699719704567034029e+00
9.297513909428685608e+00 8.708197949302517671e+00
9.317233897644149110e+00 8.716680616478551968e+00
9.336947952142862661e+00 8.725165884019142837e+00
9.356656799977502104e+00 8.733652126342059674e+00
9.376361087962706620e+00 8.742137894857803460e+00
9.396061389638854067e+00 8.750621902977060884e+00
9.415760197546864774e+00 8.759103929061231142e+00
9.435798613097354348e+00 8.767740309590784875e+00
9.456085805404619293e+00 8.776497825836946376e+00
9.476370856377528185e+00 8.785266907581810614e+00
9.496654056117519005e+00 8.794046875416109188e+00
9.516935657277837635e+00 8.802837138222976421e+00
9.537215881547748353e+00 8.811637177923607567e+00
9.557494921055369019e+00 8.820446545968820828e+00
9.577772941787817018e+00 8.829264855222582753e+00
9.598050086722732743e+00 8.838091772534456325e+00
9.618326478657733603e+00 8.846927012049770056e+00
9.638602222748852810e+00 8.855770329207414804e+00
9.658877408783851592e+00 8.864621515380003203e+00
9.679152113206033192e+00 8.873480393105909414e+00
9.699426400909626267e+00 8.882346811865431846e+00
9.719700326826387737e+00 8.891220644353982294e+00
9.739973937322028874e+00 8.900101783206503470e+00
9.760246514636438775e+00 8.908991863860860505e+00
9.780519005703622426e+00 8.917888723567632070e+00
9.800791410510573343e+00 8.926792362263100244e+00
9.821063729044816171e+00 8.935702779883774483e+00
9.841335961293539825e+00 8.944619976365997260e+00
9.861608107244293819e+00 8.953543951646260268e+00
9.881880166884837280e+00 8.962474705661142238e+00
9.902152140202543862e+00 8.971412238347031831e+00
9.922424027185051898e+00 8.980356549640415409e+00
9.942695827820374532e+00 8.989307639477946310e+00
9.962967542096240692e+00 8.998265507796130436e+00
9.983239170000535623e+00 9.007230154531537636e+00
1.000351071152118188e+01 9.016201579620730655e+00
1.002378216664664023e+01 9.025179783000515599e+00
1.004405353536454726e+01 9.034164764607304221e+00
1.006432481766349518e+01 9.043156524377929273e+00
1.008459601353160195e+01 9.052155062248999684e+00
1.010486712295736744e+01 9.061160378157282480e+00
1.012513814592915118e+01 9.070172472039468303e+00
1.014540908243546191e+01 9.079191343832306416e+00
1.016567993246510682e+01 9.088216993472663319e+00
1.018595069600643122e+01 9.097249420897190575e+00
1.020622137304843591e+01 9.106288626042818635e+00
1.022649196358000978e+01 9.115334608846421105e+00
1.024676246758981257e+01 9.124387369244752577e+00
1.026703288506697298e+01 9.133446907174768370e+00
1.028730321600052733e+01 9.142513222573374065e+00
1.030757346037956168e+01 9.151586315377478797e+00
1.032784361819337526e+01 9.160666185524085847e+00
1.034811368943112520e+01 9.169752832950116783e+00
1.036838367408222439e+01 9.178846257592597979e+00
