6.999999999999999556e-01
6.999999999999999556e-01
6.999999999999999556e-01
6.999999999999999556e-01
6.999999999999999556e-01
6.999999999999999556e-01
6.999999999999999556e-01
6.999999999999999556e-01
6.999999999999999556e-01
6.999999999999999556e-01
6.999999999999999556e-01
6.999999999999999556e-01
6.999999999999999556e-01
6.999999999999999556e-01
6.999999999999999556e-01
6.999999999999999556e-01
6.999999999999999556e-01
6.999999999999999556e-01
6.999999999999999556e-01
6.999999999999999556e-01
6.999999999999999556e-01
6.999999999999999556e-01
6.999999999999999556e-01
6.999999999999999556e-01
6.999999999999999556e-01
6.999999999999999556e-01
6.999999999999999556e-01
6.999999999999999556e-01
6.999999999999999556e-01
6.999999999999999556e-01
6.999999999999999556e-01
6.999999999999999556e-01
6.999999999999999556e-01
6.999999999999999556e-01
6.999999999999999556e-01
6.999999999999999556e-01
6.999999999999999556e-01
6.999999999999999556e-01
6.999999999999999556e-01
6.999999999999999556e-01
6.999999999999999556e-01
6.999999999999999556e-01
6.999999999999999556e-01
6.999999999999999556e-01
6.999999999999999556e-01
6.999999999999999556e-01
6.999999999999999556e-01
6.999999999999999556e-01
6.999999999999999556e-01
6.999999999999999556e-01
6.999999999999999556e-01
6.999999999999999556e-01
6.999999999999999556e-01
6.999999999999999556e-01
6.999999999999999556e-01
6.999999999999999556e-01
6.999999999999999556e-01
6.999999999999999556e-01
6.999999999999999556e-01
6.999999999999999556e-01
6.999999999999999556e-01
6.999999999999999556e-01
6.999999999999999556e-01
6.999999999999999556e-01
6.999999999999999556e-01
6.999999999999999556e-01
6.999999987695229020e-01
6.999999551952307275e-01
6.999993591620046196e-01
6.999957824371567661e-01
6.999841453501567390e-01
6.999568379393623641e-01
6.999000042168523894e-01
6.997876884404046205e-01
6.995745726976874135e-01
6.991856149651607399e-01
6.985024450528014572e-01
6.973474272533698448e-01
6.954675336683220355e-01
6.925217574692754674e-01
6.880772599104001408e-01
6.816201421349374900e-01
6.725859501821513931e-01
6.604122466293488314e-01
6.446108351541735004e-01
6.248513038407872422e-01
6.010420209745823694e-01
5.733915238315617779e-01
5.424340620176373307e-01
5.090085399709363134e-01
4.741893750724621714e-01
4.391785289001944870e-01
4.051770960142907496e-01
3.732595721267638056e-01
3.442728356868340889e-01
3.187754024876860992e-01
2.970227698647952552e-01
2.789946243595921027e-01
2.644520788252806565e-01
2.530095502307312949e-01
2.442065361252748201e-01
2.375683029575315075e-01
2.326496449792304078e-01
2.290607528679125815e-01
2.264777426805397176e-01
2.246421525926574625e-01
2.233539299359624808e-01
2.224616449443783117e-01
2.218524835874821910e-01
2.214435243800320641e-01
2.211747960651429534e-01
2.210027547205818399e-01
2.208950784465341655e-01
2.208291749295780981e-01
2.207895958416321580e-01
2.207651366408771021e-01
2.207537887272279509e-01
2.207588544298189071e-01
2.207745347012756154e-01
2.207996823304128886e-01
2.208408913846152399e-01
2.209062118705914513e-01
2.210056775669374529e-01
2.211521476940540576e-01
2.213613785439564885e-01
2.216517626566607557e-01
2.220437495930026039e-01
2.225589441624731268e-01
2.232189383874986222e-01
2.240439928475385090e-01
2.250517232715381899e-01
2.262559625014645415e-01
2.276659500763655586e-01
2.292859527599180880e-01
2.311153503587965730e-01
2.331491479242476239e-01
2.353788139259953283e-01
2.377933063254516477e-01
2.403801399001951333e-01
2.431263664661607593e-01
2.460193767384230845e-01
2.490474775656836282e-01
2.522002407051667783e-01
2.554686516348019798e-01
2.588451056509207260e-01
2.623233040353624146e-01
2.658980984342698139e-01
2.695653209595788580e-01
2.733216248346187482e-01
2.771643486737051520e-01
2.810914093832282967e-01
2.851012236580372505e-01
2.891926529808983570e-01
2.933649653491940956e-01
2.976178094155700893e-01
3.019511979987442585e-01
3.063654981285365286e-01
3.108614261784932165e-01
3.154400730263960395e-01
3.201032132986242895e-01
3.248543189098457296e-01
3.296989150570379667e-01
3.346443059403759746e-01
3.397021828772161522e-01
3.448924217601246900e-01
3.502474652956688583e-01
3.558185276468157077e-01
3.616835208277220381e-01
3.679558874247822464e-01
3.747927495931893116e-01
3.823998292629089413e-01
3.910298207134909054e-01
4.009707387715351068e-01
4.125216568416052443e-01
4.259554346659714108e-01
4.414713632535480214e-01
4.591444468787501121e-01
4.788811668821970624e-01
5.003927507167789113e-01
5.231952630375718005e-01
5.466411219256608334e-01
5.699798565162086383e-01
5.924388819560321151e-01
6.133099045611030142e-01
6.320249524765361171e-01
6.482085138976105831e-01
6.616980775971958995e-01
6.725326917305289864e-01
6.809158201517924169e-01
6.871630400279351569e-01
6.916462119694362087e-01
6.947439600850277008e-01
6.968047019284385746e-01
6.981244161889093025e-01
6.989379608003178923e-01
6.994206800349505038e-01
6.996963440324173167e-01
6.998478323574115478e-01
6.999279234495328073e-01
6.999686279104457842e-01
6.999883457159563616e-01
6.999968648625949363e-01
6.999995200271482698e-01
6.999999663147982165e-01
6.999999990726738508e-01
6.999999999999999556e-01
6.999999999999999556e-01
6.999999999999999556e-01
6.999999999999999556e-01
6.999999999999999556e-01
6.999999999999999556e-01
6.999999999999999556e-01
6.999999999999999556e-01
6.999999999999999556e-01
6.999999999999999556e-01
6.999999999999999556e-01
6.999999999999999556e-01
6.999999999999999556e-01
6.999999999999999556e-01
6.999999999999999556e-01
6.999999999999999556e-01
6.999999999999999556e-01
6.999999999999999556e-01
6.999999999999999556e-01
6.999999999999999556e-01
6.999999999999999556e-01
6.999999999999999556e-01
6.999999999999999556e-01
6.999999999999999556e-01
6.999999999999999556e-01
6.999999999999999556e-01
6.999999999999999556e-01
6.999999999999999556e-01
6.999999999999999556e-01
6.999999999999999556e-01
6.999999999999999556e-01
6.999999999999999556e-01
6.999999999999999556e-01
6.999999999999999556e-01
6.999999999999999556e-01
6.999999999999999556e-01
6.999999999999999556e-01
6.999999999999999556e-01
6.999999999999999556e-01
6.999999999999999556e-01
6.999999999999999556e-01
6.999999999999999556e-01
6.999999999999999556e-01
6.999999999999999556e-01
6.999999999999999556e-01
6.999999999999999556e-01
6.999999999999999556e-01
6.999999999999999556e-01
6.999999999999999556e-01
6.999999999999999556e-01
6.999999999999999556e-01
6.999999999999999556e-01
6.999999999999999556e-01
6.999999999999999556e-01
6.999999999999999556e-01
6.999999999999999556e-01
6.999999999999999556e-01
6.999999999999999556e-01
6.999999999999999556e-01
6.999999999999999556e-01
6.999999999999999556e-01
6.999999999999999556e-01
6.999999999999999556e-01
6.999999999999999556e-01
6.999999999999999556e-01
6.999999999999999556e-01
6.999999999999999556e-01
6.999999999999999556e-01
6.999999999999999556e-01
6.999999999999999556e-01
6.999999999999999556e-01
6.999999999999999556e-01
6.999999999999999556e-01
6.999999999999999556e-01
6.999999999999999556e-01
6.999999999999999556e-01
6.999999999999999556e-01
6.999999999999999556e-01
6.999999999999999556e-01
6.999999999999999556e-01
6.999999999999999556e-01
6.999999999999999556e-01
6.999999999999999556e-01
6.999999999999999556e-01
6.999999999999999556e-01
6.999999999999999556e-01
6.999999999999999556e-01
6.999999999999999556e-01
6.999999999999999556e-01
6.999999999999999556e-01
6.999999999999999556e-01
6.999999999999999556e-01
6.999999999999999556e-01
6.999999999999999556e-01
6.999999999999999556e-01
6.999999999999999556e-01
6.999999999999999556e-01
6.999999999999999556e-01
6.999999999999999556e-01
6.999999999999999556e-01
6.999999999999999556e-01
6.999999999999999556e-01
6.999999999999999556e-01
6.999999999999999556e-01
6.999999999999999556e-01
6.999999999999999556e-01
6.999999999999999556e-01
6.999999999999999556e-01
6.999999999999999556e-01
6.999999999999999556e-01
6.999999999999999556e-01
6.999999999999999556e-01
6.999999999999999556e-01
6.999999999999999556e-01
6.999999999999999556e-01
6.999999999999999556e-01
6.999999999999999556e-01
6.999999999999999556e-01
6.999999999999999556e-01
6.999999999999999556e-01
6.999999999999999556e-01
6.999999999999999556e-01
6.999999986436440391e-01
6.999999505863121474e-01
6.999992927276773580e-01
6.999953395443325732e-01
6.999824631153823695e-01
6.999522877742967442e-01
6.998897061108715345e-01
6.997664403917329690e-01
6.995331227296512910e-01
6.991081597169370720e-01
6.983632280458287322e-01
6.971064703440861265e-01
6.950658577474861932e-01
6.918769084498963551e-01
6.870804896166955444e-01
6.801370659197019108e-01
6.704627060287522422e-01
6.574888812376100677e-01
6.407426703053614725e-01
6.199373850038634171e-01
5.950576596176750943e-01
5.664199127959801405e-01
5.346906178109319674e-01
5.008516050080020765e-01
4.661125148428371112e-01
4.317827400021164164e-01
3.991251613220030414e-01
3.692185792944299161e-01
3.428534960189228986e-01
3.204775490364822899e-01
3.021950997984964582e-01
2.878137948205529151e-01
2.769224693659426695e-01
2.689813221524687270e-01
2.634070083852859678e-01
2.596404522018553873e-01
2.571896526926406024e-01
2.556331177450605896e-01
2.546151139603891611e-01
2.540145694392200171e-01
2.538460205907709377e-01
2.538597004482427422e-01
2.539093614545622213e-01
2.540236270040598932e-01
2.542186066194297434e-01
2.544974645177554562e-01
2.548619416192031695e-01
2.553117415302570969e-01
2.558418569455777059e-01
2.564397063112949238e-01
2.570844523909395218e-01
2.577483563754114915e-01
2.583996569595803372e-01
2.590063305852391973e-01
2.595399197361398791e-01
2.599785553059615895e-01
2.603084345524693255e-01
2.605233666811851978e-01
2.606224622107637945e-01
2.606064943013562951e-01
2.604737771844852778e-01
2.602165228187819923e-01
2.598185584229235068e-01
2.592550463759311086e-01
2.584944956953552087e-01
2.575029481381917451e-01
2.562498115299517987e-01
2.547144504097630380e-01
2.528923928329819826e-01
2.507999419074463665e-01
2.484761458525773237e-01
2.459814891037212514e-01
2.433932631268814206e-01
2.407982554299689382e-01
2.382839578062672103e-01
2.359297130628121297e-01
2.337992245167572203e-01
2.319356636599421151e-01
2.303599347551583687e-01
2.290719193574407009e-01
2.280540655652807669e-01
2.272764030346284270e-01
2.267019698727155141e-01
2.262917720070348193e-01
2.260086898158541469e-01
2.258200837438343878e-01
2.256990075148529729e-01
2.256232378707243025e-01
2.255743845183496576e-01
2.255499928845403623e-01
2.255569361001719675e-01
2.255836052588228724e-01
2.256271719794821495e-01
2.256997729036445688e-01
2.258162661032829810e-01
2.259953984757704371e-01
2.262616328459211845e-01
2.266455335992791642e-01
2.271835807700058052e-01
2.279174284938526307e-01
2.288925649484583880e-01
2.301564305307230718e-01
2.317561587802579037e-01
2.337361817890190596e-01
2.361359788023982276e-01
2.389882334755224214e-01
2.423176008062731257e-01
2.461402097956670865e-01
2.504641489201051008e-01
2.552912492728903748e-01
2.606185820906777861e-01
2.664395079942535327e-01
2.727477007972538003e-01
2.795422212270657347e-01
2.868329131949488575e-01
2.946473470472116274e-01
3.030391872683679821e-01
3.120971598649795453e-01
3.219530272791361059e-01
3.327860266879504314e-01
3.448204685919957768e-01
3.583130730727758229e-01
3.735275778795409396e-01
3.906964240937832455e-01
4.099727351661257568e-01
4.313796358614140347e-01
4.547670447557086160e-01
4.797871263833464184e-01
5.058976643587345112e-01
5.323976349467300917e-01
5.584922311231921288e-01
5.833774071766454350e-01
6.063288706615069801e-01
6.267790219257609596e-01
6.443681478942036023e-01
6.589623531049244587e-01
6.706383412629717267e-01
6.796419997831639748e-01
6.863320136697957929e-01
6.911206834562011458e-01
6.944220983175151130e-01
6.966139702654674526e-01
6.980151801973262238e-01
6.988775891578757893e-01
6.993885580282386272e-01
6.996799556469054382e-01
6.998398738303361899e-01
6.999242978917215030e-01
6.999671259745001706e-01
6.999878189230011039e-01
6.999967303382582662e-01
6.999995001136767314e-01
6.999999649404413660e-01
6.999999990352335777e-01
6.999999999999999556e-01
6.999999999999999556e-01
6.999999999999999556e-01
6.999999999999999556e-01
6.999999999999999556e-01
6.999999999999999556e-01
6.999999999999999556e-01
6.999999999999999556e-01
6.999999999999999556e-01
6.999999999999999556e-01
6.999999999999999556e-01
6.999999999999999556e-01
6.999999999999999556e-01
6.999999999999999556e-01
6.999999999999999556e-01
6.999999999999999556e-01
6.999999999999999556e-01
6.999999999999999556e-01
6.999999999999999556e-01
