8.999999999999998002e-01
8.999999999999998002e-01
8.999999999999998002e-01
8.999999999999998002e-01
8.999999999999998002e-01
8.999999999999998002e-01
8.999999999999998002e-01
8.999999999999998002e-01
8.999999999999998002e-01
8.999999999999998002e-01
8.999999999999998002e-01
8.999999999999998002e-01
8.999999999999998002e-01
8.999999999999998002e-01
8.999999999999998002e-01
8.999999999999998002e-01
8.999999999999998002e-01
8.999999999999998002e-01
8.999999999999998002e-01
8.999999999999998002e-01
8.999999999999998002e-01
8.999999999999998002e-01
8.999999999999998002e-01
8.999999999999998002e-01
8.999999999999998002e-01
8.999999999999998002e-01
8.999999999999998002e-01
8.999999999999998002e-01
8.999999999999998002e-01
8.999999999999998002e-01
8.999999999999998002e-01
8.999999999999998002e-01
8.999999999999998002e-01
8.999999999999998002e-01
8.999999999999998002e-01
8.999999999999998002e-01
8.999999999999998002e-01
8.999999999999998002e-01
8.999999999999998002e-01
8.999999999999998002e-01
8.999999999999998002e-01
8.999999999999998002e-01
8.999999999999998002e-01
8.999999999999998002e-01
8.999999999999998002e-01
8.999999999999998002e-01
8.999999999999998002e-01
8.999999999999998002e-01
8.999999999999998002e-01
8.999999999999998002e-01
8.999999999999998002e-01
8.999999999999998002e-01
8.999999999999998002e-01
8.999999999999998002e-01
8.999999999999998002e-01
8.999999999999998002e-01
8.999999999999998002e-01
8.999999999999998002e-01
8.999999999999998002e-01
8.999999999999998002e-01
8.999999999999998002e-01
8.999999999999998002e-01
8.999999999999998002e-01
8.999999999999998002e-01
8.999999999999998002e-01
8.999999999999998002e-01
8.999999999999998002e-01
8.999999999999998002e-01
8.999999999999998002e-01
8.999999999999998002e-01
8.999999999999998002e-01
8.999999999999998002e-01
8.999999999999998002e-01
8.999999999999998002e-01
8.999999999999998002e-01
8.999999999999998002e-01
8.999999999999998002e-01
8.999999999999998002e-01
8.999999999999998002e-01
8.999999999999998002e-01
8.999999999999998002e-01
8.999999999999998002e-01
8.999999999999998002e-01
8.999999999999998002e-01
8.999999999999998002e-01
8.999999999999998002e-01
8.999999999999998002e-01
8.999999999999998002e-01
8.999999999999998002e-01
8.999999999999998002e-01
8.999999999999998002e-01
8.999999999999998002e-01
8.999999999999998002e-01
8.999999999999998002e-01
8.999999999999998002e-01
8.999999999999998002e-01
8.999999999999998002e-01
8.999999999999998002e-01
8.999999999999998002e-01
8.999999999999998002e-01
8.999999999999998002e-01
8.999999999999998002e-01
8.999999999999998002e-01
8.999999999999998002e-01
8.999999999999998002e-01
8.999999999999998002e-01
8.999999999999998002e-01
8.999999999999998002e-01
8.999999999999998002e-01
8.999999999999998002e-01
8.999999999999998002e-01
8.999999999999998002e-01
8.999999999999998002e-01
8.999999999999998002e-01
8.999999999999998002e-01
8.999999999999998002e-01
8.999999999999998002e-01
8.999999999999998002e-01
8.999999999999998002e-01
8.999999999999998002e-01
8.999999999999998002e-01
8.999999999999998002e-01
8.999999999999998002e-01
8.999999999999998002e-01
8.999999999999998002e-01
8.999999999999998002e-01
8.999999999999998002e-01
8.999999999999998002e-01
8.999999999999998002e-01
8.999999999999998002e-01
8.999999999999998002e-01
8.999999999999998002e-01
8.999999999999998002e-01
8.999999999999998002e-01
8.999999999999998002e-01
8.999999999999998002e-01
8.999999999999998002e-01
8.999999999999998002e-01
8.999999999999998002e-01
8.999999999999998002e-01
8.999999999999998002e-01
8.999999999999998002e-01
8.999959848890596303e-01
8.999900249218549808e-01
8.999812660686959953e-01
8.999685220125476226e-01
8.999501640211452491e-01
8.999239822089556418e-01
8.998870137540654346e-01
8.998353340579950954e-01
8.997638077748585372e-01
8.996657982194128378e-01
8.995328360059616779e-01
8.993542509523658746e-01
8.991167753293044518e-01
8.988041313870106519e-01
8.983966215882354112e-01
8.978707458327864765e-01
8.971988757595269481e-01
8.963490214124120170e-01
8.952847295080653689e-01
8.939651545286168011e-01
8.923453431662450308e-01
8.903767686215139365e-01
8.880081434285275188e-01
8.851865276288096718e-01
8.818587333709752007e-01
8.779730079128947873e-01
8.734809555241559442e-01
8.683396363280110331e-01
8.625137584341769914e-01
8.559778607745466283e-01
8.487183698957964095e-01
8.407354064672717397e-01
8.320442179398074289e-01
8.226761235737034550e-01
8.126788771296328262e-01
8.021163802265521836e-01
7.910677141957301872e-01
7.796254978982660733e-01
7.678936205161650541e-01
7.559844385131246902e-01
7.440155614868755318e-01
7.321063794838350569e-01
7.203745021017339267e-01
7.089322858042697018e-01
6.978836197734477054e-01
6.873211228703669518e-01
6.773238764262963230e-01
6.679557820601923490e-01
6.592645935327281492e-01
6.512816301042032574e-01
6.440221392254530386e-01
6.374862415658228976e-01
6.316603636719886339e-01
6.265190444758438337e-01
6.220269920871051017e-01
6.181412666290245772e-01
6.148134723711899952e-01
6.119918565714721481e-01
6.096232313784857304e-01
6.076546568337546361e-01
6.060348454713829769e-01
6.047152704919342980e-01
6.036509785875877609e-01
6.028011242404727188e-01
5.999999999999998668e-01
6.016033784117642558e-01
6.011958686129890150e-01
6.008832246706952152e-01
5.999999999999998668e-01
6.004671639940381000e-01
6.003342017805868291e-01
5.999999999999998668e-01
6.001646659420046825e-01
5.999999999999998668e-01
6.000760177910440252e-01
5.999999999999998668e-01
6.000314779874521554e-01
6.000187339313037826e-01
6.000099750781446861e-01
6.000040151109401476e-01
5.999999999999998668e-01
5.999999999999998668e-01
5.999999999999998668e-01
5.999999999999998668e-01
5.999999999999998668e-01
5.999999999999998668e-01
5.999999999999998668e-01
5.999999999999998668e-01
5.999999999999998668e-01
5.999999999999998668e-01
5.999999999999998668e-01
5.999999999999998668e-01
5.999999999999998668e-01
5.999999999999998668e-01
5.999999999999998668e-01
5.999999999999998668e-01
5.999999999999998668e-01
5.999999999999998668e-01
5.999999999999998668e-01
5.999999999999998668e-01
5.999999999999998668e-01
5.999999999999998668e-01
5.999999999999998668e-01
5.999999999999998668e-01
5.999999999999998668e-01
5.999999999999998668e-01
5.999999999999998668e-01
5.999999999999998668e-01
5.999999999999998668e-01
5.999999999999998668e-01
5.999999999999998668e-01
5.999999999999998668e-01
5.999999999999998668e-01
5.999999999999998668e-01
5.999999999999998668e-01
5.999999999999998668e-01
5.999999999999998668e-01
5.999999999999998668e-01
5.999999999999998668e-01
5.999999999999998668e-01
5.999999999999998668e-01
5.999999999999998668e-01
5.999999999999998668e-01
5.999999999999998668e-01
5.999999999999998668e-01
5.999999999999998668e-01
5.999999999999998668e-01
5.999999999999998668e-01
6.000040151109401476e-01
6.000099750781446861e-01
6.000187339313037826e-01
5.999999999999998668e-01
6.000498359788545288e-01
6.000760177910440252e-01
6.001129862459343434e-01
5.999999999999998668e-01
6.002361922251410187e-01
6.003342017805868291e-01
6.004671639940381000e-01
6.006457490476336814e-01
6.008832246706952152e-01
5.999999999999998668e-01
5.999999999999998668e-01
6.021292541672133014e-01
6.028011242404727188e-01
6.036509785875877609e-01
6.047152704919342980e-01
6.060348454713829769e-01
6.076546568337546361e-01
6.096232313784857304e-01
6.119918565714721481e-01
6.148134723711899952e-01
6.181412666290245772e-01
6.220269920871051017e-01
6.265190444758438337e-01
6.316603636719886339e-01
6.374862415658228976e-01
6.440221392254530386e-01
6.512816301042032574e-01
6.592645935327281492e-01
6.679557820601923490e-01
6.773238764262963230e-01
6.873211228703669518e-01
6.978836197734477054e-01
7.089322858042697018e-01
7.203745021017339267e-01
7.321063794838350569e-01
7.440155614868755318e-01
7.559844385131246902e-01
7.678936205161650541e-01
7.796254978982660733e-01
7.910677141957301872e-01
8.021163802265521836e-01
8.126788771296328262e-01
8.226761235737034550e-01
8.320442179398074289e-01
8.407354064672717397e-01
8.487183698957964095e-01
8.559778607745466283e-01
8.625137584341769914e-01
8.683396363280110331e-01
8.734809555241559442e-01
8.779730079128947873e-01
8.818587333709752007e-01
8.851865276288096718e-01
8.880081434285275188e-01
8.903767686215139365e-01
8.923453431662450308e-01
8.939651545286168011e-01
8.952847295080653689e-01
8.963490214124120170e-01
8.971988757595269481e-01
8.978707458327864765e-01
8.983966215882354112e-01
8.988041313870106519e-01
8.991167753293044518e-01
8.993542509523658746e-01
8.995328360059616779e-01
8.996657982194128378e-01
8.997638077748585372e-01
8.998353340579950954e-01
8.998870137540654346e-01
8.999239822089556418e-01
8.999501640211452491e-01
8.999685220125476226e-01
8.999812660686959953e-01
8.999900249218549808e-01
8.999959848890596303e-01
8.999999999999998002e-01
8.999999999999998002e-01
8.999999999999998002e-01
8.999999999999998002e-01
8.999999999999998002e-01
8.999999999999998002e-01
8.999999999999998002e-01
8.999999999999998002e-01
8.999999999999998002e-01
8.999999999999998002e-01
8.999999999999998002e-01
8.999999999999998002e-01
8.999999999999998002e-01
8.999999999999998002e-01
8.999999999999998002e-01
8.999999999999998002e-01
8.999999999999998002e-01
8.999999999999998002e-01
8.999999999999998002e-01
8.999999999999998002e-01
8.999999999999998002e-01
8.999999999999998002e-01
8.999999999999998002e-01
8.999999999999998002e-01
8.999999999999998002e-01
8.999999999999998002e-01
8.999999999999998002e-01
8.999999999999998002e-01
8.999999999999998002e-01
8.999999999999998002e-01
8.999999999999998002e-01
8.999999999999998002e-01
8.999999999999998002e-01
8.999999999999998002e-01
8.999999999999998002e-01
8.999999999999998002e-01
8.999999999999998002e-01
8.999999999999998002e-01
8.999999999999998002e-01
8.999999999999998002e-01
8.999999999999998002e-01
8.999999999999998002e-01
8.999999999999998002e-01
8.999999999999998002e-01
8.999999999999998002e-01
8.999999999999998002e-01
8.999999999999998002e-01
8.999999999999998002e-01
8.999999999999998002e-01
8.999999999999998002e-01
8.999999999999998002e-01
8.999999999999998002e-01
8.999999999999998002e-01
8.999999999999998002e-01
8.999999999999998002e-01
8.999999999999998002e-01
8.999999999999998002e-01
8.999999999999998002e-01
8.999999999999998002e-01
8.999999999999998002e-01
8.999999999999998002e-01
8.999999999999998002e-01
8.999999999999998002e-01
8.999999999999998002e-01
8.999999999999998002e-01
8.999999999999998002e-01
8.999999999999998002e-01
8.999999999999998002e-01
8.999999999999998002e-01
8.999999999999998002e-01
8.999999999999998002e-01
8.999999999999998002e-01
8.999999999999998002e-01
8.999999999999998002e-01
8.999999999999998002e-01
8.999999999999998002e-01
8.999999999999998002e-01
8.999999999999998002e-01
8.999999999999998002e-01
8.999999999999998002e-01
8.999999999999998002e-01
8.999999999999998002e-01
8.999999999999998002e-01
8.999999999999998002e-01
8.999999999999998002e-01
8.999999999999998002e-01
8.999999999999998002e-01
8.999999999999998002e-01
8.999999999999998002e-01
8.999999999999998002e-01
8.999999999999998002e-01
8.999999999999998002e-01
8.999999999999998002e-01
8.999999999999998002e-01
8.999999999999998002e-01
8.999999999999998002e-01
8.999999999999998002e-01
8.999999999999998002e-01
8.999999999999998002e-01
8.999999999999998002e-01
8.999999999999998002e-01
8.999999999999998002e-01
8.999999999999998002e-01
8.999999999999998002e-01
8.999999999999998002e-01
8.999999999999998002e-01
8.999999999999998002e-01
8.999999999999998002e-01
8.999999999999998002e-01
8.999999999999998002e-01
8.999999999999998002e-01
8.999999999999998002e-01
8.999999999999998002e-01
8.999999999999998002e-01
8.999999999999998002e-01
8.999999999999998002e-01
8.999999999999998002e-01
8.999999999999998002e-01
8.999999999999998002e-01
8.999999999999998002e-01
8.999999999999998002e-01
8.999999999999998002e-01
8.999999999999998002e-01
8.999999999999998002e-01
8.999999999999998002e-01
8.999999999999998002e-01
8.999999999999998002e-01
8.999999999999998002e-01
8.999999999999998002e-01
8.999999999999998002e-01
8.999999999999998002e-01
8.999999999999998002e-01
8.999999999999998002e-01
8.999999999999998002e-01
8.999999999999998002e-01
8.999999999999998002e-01
8.999999999999998002e-01
8.999999999999998002e-01
8.999999999999998002e-01
8.999999999999998002e-01
8.999999999999998002e-01
8.999999999999998002e-01
8.999999999999998002e-01
8.999999999999998002e-01
8.999999999999998002e-01
8.999999999999998002e-01
8.999999999999998002e-01
8.999999999999998002e-01
8.999999999999998002e-01
8.999999999999998002e-01
