7.000000000000000666e-01
7.000000000000000666e-01
7.000000000000000666e-01
7.000000000000000666e-01
7.000000000000000666e-01
7.000000000000000666e-01
7.000000000000000666e-01
7.000000000000000666e-01
7.000000000000000666e-01
7.000000000000000666e-01
7.000000000000000666e-01
7.000000000000000666e-01
7.000000000000000666e-01
7.000000000000000666e-01
7.000000000000000666e-01
7.000000000000000666e-01
7.000000000000000666e-01
7.000000000000000666e-01
7.000000000000000666e-01
7.000000000000000666e-01
7.000000000000000666e-01
7.000000000000000666e-01
7.000000000000000666e-01
7.000000000000000666e-01
7.000000000000000666e-01
7.000000000000000666e-01
7.000000000000000666e-01
7.000000000000000666e-01
7.000000000000000666e-01
7.000000000000000666e-01
7.000000000000000666e-01
7.000000000000000666e-01
7.000000000000000666e-01
7.000000000000000666e-01
7.000000000000000666e-01
7.000000000000000666e-01
7.000000000000000666e-01
7.000000000000000666e-01
7.000000000000000666e-01
7.000000000000000666e-01
7.000000000000000666e-01
7.000000000000000666e-01
7.000000000000000666e-01
7.000000000000000666e-01
7.000000000000000666e-01
7.000000000000000666e-01
7.000000000000000666e-01
7.000000000000000666e-01
7.000000000000000666e-01
7.000000000000000666e-01
7.000000000000000666e-01
7.000000000000000666e-01
7.000000000000000666e-01
7.000000000000000666e-01
3.384024638670538043e-01
2.818015113330552546e-01
2.526454740835127888e-01
2.331494805628002154e-01
2.186914874434365275e-01
2.054995522709249511e-01
1.959632550825787800e-01
1.896372914924909781e-01
1.858355829214566046e-01
1.841039055187964901e-01
1.841231507571371162e-01
1.856591515186676034e-01
1.885342787552147792e-01
1.926102604158360376e-01
1.977772336146899901e-01
2.039464699965345684e-01
2.110453725754649901e-01
2.190139347661073099e-01
2.278021732829061119e-01
2.373682290445569276e-01
2.476769382952302145e-01
2.586987424824285231e-01
2.704088474248189655e-01
2.827865696381093308e-01
2.958148259330534158e-01
3.094797348677265636e-01
3.237703073521392971e-01
3.386765419526903131e-01
3.542372465139381754e-01
3.706590802732424583e-01
3.879950832233010072e-01
7.000000000000000666e-01
7.000000000000000666e-01
7.000000000000000666e-01
7.000000000000000666e-01
7.000000000000000666e-01
7.000000000000000666e-01
7.000000000000000666e-01
7.000000000000000666e-01
7.000000000000000666e-01
7.000000000000000666e-01
7.000000000000000666e-01
7.000000000000000666e-01
7.000000000000000666e-01
7.000000000000000666e-01
7.000000000000000666e-01
7.000000000000000666e-01
7.000000000000000666e-01
7.000000000000000666e-01
7.000000000000000666e-01
7.000000000000000666e-01
7.000000000000000666e-01
7.000000000000000666e-01
7.000000000000000666e-01
7.000000000000000666e-01
7.000000000000000666e-01
7.000000000000000666e-01
7.000000000000000666e-01
7.000000000000000666e-01
7.000000000000000666e-01
7.000000000000000666e-01
7.000000000000000666e-01
7.000000000000000666e-01
7.000000000000000666e-01
7.000000000000000666e-01
7.000000000000000666e-01
7.000000000000000666e-01
7.000000000000000666e-01
7.000000000000000666e-01
7.000000000000000666e-01
7.000000000000000666e-01
7.000000000000000666e-01
7.000000000000000666e-01
7.000000000000000666e-01
7.000000000000000666e-01
7.000000000000000666e-01
7.000000000000000666e-01
7.000000000000000666e-01
7.000000000000000666e-01
7.000000000000000666e-01
7.000000000000000666e-01
7.000000000000000666e-01
7.000000000000000666e-01
7.000000000000000666e-01
7.000000000000000666e-01
7.000000000000000666e-01
7.000000000000000666e-01
7.000000000000000666e-01
7.000000000000000666e-01
7.000000000000000666e-01
7.000000000000000666e-01
7.000000000000000666e-01
7.000000000000000666e-01
7.000000000000000666e-01
7.000000000000000666e-01
7.000000000000000666e-01
7.000000000000000666e-01
7.000000000000000666e-01
7.000000000000000666e-01
7.000000000000000666e-01
7.000000000000000666e-01
7.000000000000000666e-01
7.000000000000000666e-01
7.000000000000000666e-01
7.000000000000000666e-01
7.000000000000000666e-01
7.000000000000000666e-01
7.000000000000000666e-01
7.000000000000000666e-01
7.000000000000000666e-01
7.000000000000000666e-01
7.000000000000000666e-01
7.000000000000000666e-01
7.000000000000000666e-01
7.000000000000000666e-01
7.000000000000000666e-01
7.000000000000000666e-01
7.000000000000000666e-01
7.000000000000000666e-01
7.000000000000000666e-01
7.000000000000000666e-01
7.000000000000000666e-01
7.000000000000000666e-01
7.000000000000000666e-01
7.000000000000000666e-01
7.000000000000000666e-01
3.789690506316689689e-01
3.141930860312779905e-01
3.113406281518306118e-01
3.218623576117192187e-01
3.406883286591025350e-01
3.657735685575949081e-01
3.960650785132168172e-01
7.000000000000000666e-01
7.000000000000000666e-01
7.000000000000000666e-01
7.000000000000000666e-01
7.000000000000000666e-01
7.000000000000000666e-01
7.000000000000000666e-01
7.000000000000000666e-01
2.648801950234511704e-01
2.243169119968972114e-01
2.034028758451070784e-01
1.922700686132925441e-01
1.872232771367880744e-01
1.863588111902165223e-01
1.885267033055632035e-01
1.929620825245816074e-01
1.991234863102012698e-01
2.066120873779825617e-01
2.151278835070006556e-01
2.244448795181610001e-01
2.343970743449253491e-01
2.448712692113728384e-01
2.558047495123247916e-01
2.658992137934985678e-01
2.716925256412004441e-01
2.784759758278865793e-01
2.866712340533850156e-01
2.961772738791806359e-01
3.069145922564089357e-01
3.188205133030905802e-01
3.318458731009567564e-01
3.459526434257387262e-01
3.611122165100089099e-01
3.773041553883603738e-01
3.945153478331311359e-01
7.000000000000000666e-01
7.000000000000000666e-01
7.000000000000000666e-01
7.000000000000000666e-01
7.000000000000000666e-01
7.000000000000000666e-01
7.000000000000000666e-01
7.000000000000000666e-01
7.000000000000000666e-01
7.000000000000000666e-01
7.000000000000000666e-01
7.000000000000000666e-01
7.000000000000000666e-01
7.000000000000000666e-01
7.000000000000000666e-01
7.000000000000000666e-01
7.000000000000000666e-01
7.000000000000000666e-01
7.000000000000000666e-01
7.000000000000000666e-01
7.000000000000000666e-01
7.000000000000000666e-01
7.000000000000000666e-01
7.000000000000000666e-01
7.000000000000000666e-01
7.000000000000000666e-01
7.000000000000000666e-01
7.000000000000000666e-01
