6.999999999999999556e-01
6.999999999999999556e-01
6.999999999999999556e-01
6.999999999999999556e-01
6.999999999999999556e-01
6.999999999999999556e-01
6.999999999999999556e-01
6.999999999999999556e-01
6.999999999999999556e-01
6.999999999999999556e-01
6.999999999999999556e-01
6.999999999999999556e-01
6.999999999999999556e-01
6.999999999999999556e-01
6.999999999999999556e-01
6.999999999999999556e-01
6.999999999999999556e-01
6.999999999999999556e-01
6.999999987046634509e-01
6.999999527805107480e-01
6.999993234450055946e-01
6.999955322515645229e-01
6.999831242017631183e-01
6.999538553991853096e-01
6.998927826683760678e-01
6.997719405931274173e-01
6.995424152759295300e-01
6.991230860597109631e-01
6.983858257415809234e-01
6.971380758049930959e-01
6.951050941659990823e-01
6.919159130347596331e-01
6.870986482743097756e-01
6.800916182873693039e-01
6.702759602153840479e-01
6.570324748235814027e-01
6.398203153461909931e-01
6.182686844794850201e-01
5.922665780389817503e-01
5.620319460408726986e-01
5.281422882476667358e-01
4.915144302624855910e-01
4.533311765808866189e-01
4.149242576177200048e-01
3.776331494765813312e-01
3.426648924941704255e-01
3.109793099130968574e-01
2.832173816786493492e-01
2.596801469770652626e-01
2.403545537752777572e-01
2.249741214456144056e-01
2.130979661969084615e-01
2.041919376089316729e-01
1.976992662922070765e-01
1.930934585704662809e-01
1.899114422509183830e-01
1.877689555108210118e-01
1.863623857150300545e-01
1.854618572513136165e-01
1.848998451129932885e-01
1.845582745502502009e-01
1.843542131875521295e-01
1.842275863865484031e-01
1.841551175156332376e-01
1.841468362682548987e-01
1.841871970979591100e-01
1.842533992633285655e-01
1.843554322963637526e-01
1.845192882954517499e-01
1.847745137648649227e-01
1.851581069005246438e-01
1.857167809611448284e-01
1.865070193889669103e-01
1.875941048128776933e-01
1.890502016442819622e-01
1.909518420026933005e-01
1.933775339187090991e-01
1.964042553296530824e-01
2.001033533532746711e-01
2.045404430172336196e-01
2.097775853143676317e-01
2.158771934560007044e-01
2.229090985730420582e-01
2.309604128039624005e-01
2.401468602374897121e-01
2.506233036815339599e-01
2.625901408901766265e-01
2.762914947038178637e-01
2.920011592384409438e-01
3.099935519741351397e-01
3.304996912007739374e-01
3.536522303780257337e-01
3.794279913701648077e-01
4.075998959771722774e-01
4.377112204881555835e-01
4.690826592114758498e-01
5.008567456589358979e-01
5.320759599886049074e-01
5.617825796604545285e-01
5.891225222494418379e-01
6.134339860387120202e-01
6.343051850301024697e-01
6.515928167614870592e-01
6.654018257570264439e-01
6.760349328687662585e-01
6.839252537723676806e-01
6.895662853013611038e-01
6.934510488516637539e-01
6.960276123675388504e-01
6.976732187248855244e-01
6.986851810224511405e-01
6.992842813018551595e-01
6.996256805325939965e-01
6.998128987404226287e-01
6.999116536368870101e-01
6.999616972268360993e-01
6.999858347816723114e-01
6.999962044285383822e-01
6.999994203609877230e-01
6.999999593694496980e-01
6.999999988823171204e-01
6.999999999999999556e-01
6.999999999999999556e-01
6.999999999999999556e-01
6.999999999999999556e-01
6.999999999999999556e-01
6.999999999999999556e-01
6.999999999999999556e-01
6.999999999999999556e-01
6.999999999999999556e-01
6.999999999999999556e-01
6.999999999999999556e-01
6.999999999999999556e-01
6.999999999999999556e-01
6.999999999999999556e-01
6.999999999999999556e-01
6.999999999999999556e-01
6.999999999999999556e-01
6.999999999999999556e-01
6.999999999999999556e-01
6.999999999999999556e-01
6.999999999999999556e-01
6.999999999999999556e-01
6.999999999999999556e-01
6.999999988499835402e-01
6.999999580258972065e-01
6.999993975396702206e-01
6.999960096556978595e-01
6.999848872629252927e-01
6.999586954330356825e-01
6.999043364495161068e-01
6.997972573337892799e-01
6.995944927226216414e-01
6.992249929591719537e-01
6.985769632713798583e-01
6.974831653390956010e-01
6.957063470517075299e-01
6.929284575050349559e-01
6.887486589325915176e-01
6.826957155581873105e-01
6.742594249869549028e-01
6.629428486600967840e-01
6.483322773664148553e-01
6.301763512530371703e-01
6.084605099351231283e-01
5.834594501477342599e-01
5.557519356475488781e-01
5.261885759518616368e-01
4.958125130421227045e-01
4.657437200985441450e-01
4.370466246178400516e-01
4.106050970051514648e-01
3.870272422404000823e-01
3.665954894379075957e-01
3.492673817914582202e-01
3.347221952731885830e-01
3.224406837769031586e-01
3.118013207846150880e-01
3.021764382200349264e-01
2.930146358487754066e-01
2.839003109054417107e-01
2.745858869868876839e-01
2.649965555847988985e-01
2.552108052949246253e-01
2.454226530010505114e-01
2.358932445047559057e-01
2.269002055821854325e-01
2.186927020516604148e-01
2.114582888833422269e-01
2.053036582337463556e-01
2.002505498500072589e-01
1.962471387179796078e-01
1.931870592602903114e-01
1.909306010144671828e-01
1.893255485079350930e-01
1.882244878304344393e-01
1.874967063205432161e-01
1.870340562496455306e-01
1.867480524249441332e-01
1.865665167124369028e-01
1.864760259065572079e-01
1.864974358296966894e-01
1.865857536180722809e-01
1.867261232989865238e-01
1.869543985356744153e-01
1.873115387963318335e-01
1.878457457816600784e-01
1.886168167648883398e-01
1.896950605728258687e-01
1.911582493405011574e-01
1.930870952305306365e-01
1.955595138785890252e-01
1.986445460043438360e-01
2.023972831842993092e-01
2.068542314731718346e-01
2.120301435278036384e-01
2.179210717719776702e-01
2.245118515157652483e-01
2.317869685805639401e-01
2.397453455282464452e-01
2.484175845751330769e-01
2.578832044524076994e-01
2.682846517511778828e-01
2.798342068114161307e-01
2.928096832213541445e-01
3.075354047155866022e-01
3.243466664803404953e-01
3.435388733843318665e-01
3.653065050169700401e-01
3.896811669750240847e-01
4.164809922602146219e-01
4.452842098035416640e-01
4.754368952463745579e-01
5.060988124768979191e-01
5.363230811943623388e-01
5.651573234035487392e-01
5.917483734829048769e-01
6.154314388881532150e-01
6.357882200072533241e-01
6.526658385731828327e-01
6.661572665310870889e-01
6.765517359973300948e-01
6.842683598358907382e-01
6.897870572397315492e-01
6.935881003751942497e-01
6.961068811524635525e-01
6.977077151055525173e-01
6.986748851110951009e-01
6.992125138482256919e-01
6.994501224963094455e-01
